/*--------------------------------*- C++ -*----------------------------------*\
  =========                 |
  \\      /  F ield         | OpenFOAM: The Open Source CFD Toolbox
   \\    /   O peration     | Website:  https://openfoam.org
    \\  /    A nd           | Version:  8
     \\/     M anipulation  |
\*---------------------------------------------------------------------------*/
FoamFile
{
    version     2.0;
    format      ascii;
    class       volScalarField;
    location    "0";
    object      CH4;
}
// * * * * * * * * * * * * * * * * * * * * * * * * * * * * * * * * * * * * * //

dimensions      [0 0 0 0 0 0 0];

internalField   nonuniform List<scalar> 
1400
(
0.0551867
0.0551867
0.0551867
0.0551867
0.0551867
0.0551867
0.0551867
0.0551867
0.0551867
0.0551867
0.0551867
0.0551867
0.0551867
0.0551867
0.0551867
0.0551867
0.0551867
0.0551867
0.0551867
0.0551867
0.0551867
0.0551867
0.0551867
0.0551867
0.0551867
0.0551867
0.0551867
0.0551867
0.0551867
0.0551867
0.0551867
0.0551867
0.0551867
0.0551867
0.0551867
0.0551867
0.0551867
0.0551867
0.0551867
0.0551867
0.0551867
0.0551867
0.0551867
0.0551867
0.0551867
0.0551867
0.0551867
0.0551867
0.0551867
0.0551867
0.0551867
0.0551867
0.0551867
0.0551867
0.0551867
0.0551867
0.0551867
0.0551867
0.0551867
0.0551867
0.0551867
0.0551867
0.0551867
0.0551867
0.0551867
0.0551867
0.0551867
0.0551867
0.0551867
0.0551867
0.0551867
0.0551867
0.0551867
0.0551867
0.0551867
0.0551867
0.0551867
0.0551867
0.0551867
0.0551867
0.0551867
0.0551867
0.0551867
0.0551867
0.0551867
0.0551867
0.0551867
0.0551867
0.0551867
0.0551867
0.0551867
0.0551867
0.0551867
0.0551867
0.0551867
0.0551867
0.0551867
0.0551867
0.0551867
0.0551867
0.0551867
0.0551867
0.0551867
0.0551867
0.0551867
0.0551867
0.0551867
0.0551867
0.0551867
0.0551867
0.0551867
0.0551867
0.0551867
0.0551867
0.0551867
0.0551867
0.0551867
0.0551867
0.0551867
0.0551867
0.0551867
0.0551867
0.0551867
0.0551867
0.0551867
0.0551867
0.0551867
0.0551867
0.0551867
0.0551867
0.0551867
0.0551867
0.0551867
0.0551867
0.0551867
0.0551867
0.0551867
0.0551867
0.0551867
0.0551867
0.0551867
0.0551867
0.0551867
0.0551867
0.0551867
0.0551867
0.0551867
0.0551867
0.0551867
0.0551867
0.0551867
0.0551867
0.0551867
0.0551867
0.0551867
0.0551867
0.0551867
0.0551867
0.0551867
0.0551867
0.0551867
0.0551867
0.0551867
0.0551867
0.0551867
0.0551867
0.0551867
0.0551867
0.0551867
0.0551867
0.0551867
0.0551867
0.0551867
0.0551867
0.0551867
0.0551867
0.0551867
0.0551867
0.0551867
0.0551867
0.0551867
0.0551867
0.0551867
0.0551867
0.0551867
0.0551867
0.0551867
0.0551867
0.0551867
0.0551867
0.0551867
0.0551867
0.0551867
0.0551867
0.0551867
0.0551867
0.0551867
0.0551867
0.0551867
0.0551867
0.0551867
0.0551867
0.0551867
0.0551867
0.0551867
0.0551867
0.0551867
0.0551867
0.0551867
0.0551867
0.0551867
0.0551867
0.0551867
0.0551867
0.0551867
0.0551867
0.0551867
0.0551867
0.0551867
0.0551867
0.0551867
0.0551867
0.0551867
0.0551867
0.0551867
0.0551867
0.0551867
0.0551867
0.0551867
0.0551867
0.0551867
0.0551867
0.0551867
0.0551867
0.0551867
0.0551867
0.0551867
0.0551867
0.0551867
0.0551867
0.0551867
0.0551867
0.0551867
0.0551867
0.0551867
0.0551867
0.0551867
0.0551867
0.0551867
0.0551867
0.0551867
0.0551867
0.0551867
0.0551867
0.0551867
0.0551867
0.0551867
0.0551867
0.0551867
0.0551867
0.0551867
0.0551867
0.0551867
0.0551867
0.0551867
0.0551867
0.0551867
0.0551867
0.0551867
0.0551867
0.0551867
0.0551867
0.0551867
0.0551867
0.0551867
0.0551867
0.0551867
0.0551867
0.0551867
0.0551867
0.0551867
0.0551867
0.0551867
0.0551867
0.0551867
0.0551867
0.0551867
0.0551867
0.0551867
0.0551867
0.0551867
0.0551867
0.0551867
0.0551867
0.0551867
0.0551867
0.0551867
0.0551867
0.0551867
0.0551867
0.0551867
0.0551867
0.0551867
0.0551867
0.0551867
0.0551867
0.0551867
0.0551867
0.0551867
0.0551867
0.0551867
0.0551867
0.0551867
0.0551867
0.0551867
0.0551867
0.0551867
0.0551867
0.0551867
0.0551867
0.0551867
0.0551867
0.0551867
0.0551867
0.0551867
0.0551867
0.0551867
0.0551867
0.0551867
0.0551867
0.0551867
0.0551867
0.0551867
0.0551867
0.0551867
0.0551867
0.0551867
0.0551867
0.0551867
0.0551867
0.0551867
0.0551867
0.0551867
0.0551867
0.0551867
0.0551867
0.0551867
0.0551867
0.0551867
0.0551867
0.0551867
0.0551867
0.0551867
0.0551867
0.0551867
0.0551867
0.0551867
0.0551867
0.0551867
0.0551867
0.0551867
0.0551867
0.0551867
0.0551867
0.0551867
0.0551867
0.0551867
0.0551867
0.0551867
0.0551867
0.0551867
0.0551867
0.0551867
0.0551867
0.0551867
0.0551866
0.0551866
0.0551866
0.0551866
0.0551866
0.0551866
0.0551866
0.0551866
0.0551866
0.0551866
0.0551866
0.0551866
0.0551866
0.0551866
0.0551866
0.0551866
0.0551866
0.0551866
0.0551866
0.0551866
0.0551866
0.0551866
0.0551866
0.0551866
0.0551866
0.0551866
0.0551866
0.0551866
0.0551866
0.0551866
0.0551866
0.0551866
0.0551866
0.0551866
0.0551866
0.0551866
0.0551866
0.0551866
0.0551866
0.0551866
0.0551866
0.0551866
0.0551866
0.0551866
0.0551866
0.0551866
0.0551865
0.0551865
0.0551865
0.0551865
0.0551865
0.0551865
0.0551865
0.0551865
0.0551865
0.0551865
0.0551865
0.0551865
0.0551865
0.0551863
0.0551863
0.0551863
0.0551863
0.0551863
0.0551863
0.0551863
0.0551863
0.0551863
0.0551863
0.0551862
0.0551862
0.0551862
0.0551862
0.0551862
0.0551862
0.0551858
0.0551858
0.0551858
0.0551858
0.0551858
0.0551858
0.0551858
0.0551853
0.0551853
0.0551853
0.0551853
0.0551853
0.0551853
0.0551843
0.0551843
0.0551843
0.0551843
0.0551843
0.0551843
0.0551825
0.0551825
0.0551825
0.0551825
0.0551825
0.0551825
0.0551791
0.0551791
0.0551791
0.0551791
0.0551791
0.0551757
0.0551757
0.0551757
0.0551701
0.0551701
0.0551656
0.0551593
0.0551593
0.0551503
0.0551374
0.0551288
0.0551182
0.0550897
0.0550705
0.0550469
0.0549816
0.0549371
0.0548823
0.0547318
0.0546299
0.0544301
0.0541572
0.0537889
0.0533887
0.0528829
0.0521109
0.0513087
0.0501267
0.048811
0.0472579
0.0456305
0.0434972
0.0411858
0.0386446
0.0357507
0.03259
0.0295293
0.0259155
0.0221311
0.0184716
0.0146856
0.0113056
0.00814568
0.00564876
0.00361782
0.00223811
0.00127593
0.00071323
0.000383437
0.000192826
9.43742e-05
4.52735e-05
2.30874e-05
1.08365e-05
5.0571e-06
2.34811e-06
1.09429e-06
5.94751e-07
2.38436e-07
1.29749e-07
5.21399e-08
2.83419e-08
1.15603e-08
6.42627e-09
3.57937e-09
1.99777e-09
6.2634e-10
3.51865e-10
1.98115e-10
1.11801e-10
3.58494e-11
2.03703e-11
1.16014e-11
6.62228e-12
3.78821e-12
1.24457e-12
7.10933e-13
3.99064e-13
1.4232e-13
1.4232e-13
5.12389e-14
5.12389e-14
1.86692e-14
6.92762e-15
6.92762e-15
2.65806e-15
1.09004e-15
1.09004e-15
5.06525e-16
5.06525e-16
2.8476e-16
1.97159e-16
1.97159e-16
1.59901e-16
1.59901e-16
1.41863e-16
1.31386e-16
1.31386e-16
1.24053e-16
1.24053e-16
1.18163e-16
1.13044e-16
1.13044e-16
1.08418e-16
1.08418e-16
1.04158e-16
1.002e-16
1.002e-16
9.65064e-17
9.65064e-17
8.98301e-17
8.98301e-17
8.98301e-17
8.98301e-17
8.39195e-17
8.39195e-17
8.39195e-17
7.86658e-17
7.86658e-17
7.86658e-17
7.39761e-17
7.39761e-17
7.39761e-17
6.97725e-17
6.97725e-17
6.97725e-17
6.97725e-17
6.59903e-17
6.59903e-17
6.59903e-17
6.2575e-17
6.2575e-17
6.2575e-17
5.94809e-17
5.94809e-17
5.94809e-17
5.94809e-17
5.66692e-17
5.66692e-17
5.66692e-17
5.41066e-17
5.41066e-17
5.41066e-17
5.17642e-17
5.17642e-17
5.17642e-17
5.17642e-17
5.17642e-17
4.76667e-17
4.76667e-17
4.76667e-17
4.76667e-17
4.76667e-17
4.76667e-17
4.76667e-17
4.41761e-17
4.41761e-17
4.41761e-17
4.41761e-17
4.41761e-17
4.41761e-17
4.11834e-17
4.11834e-17
4.11834e-17
4.11834e-17
4.11834e-17
4.11834e-17
4.11834e-17
3.85991e-17
3.85991e-17
3.85991e-17
3.85991e-17
3.85991e-17
3.85991e-17
3.63525e-17
3.63525e-17
3.63525e-17
3.63525e-17
3.63525e-17
3.63525e-17
3.63525e-17
3.43875e-17
3.43875e-17
3.43875e-17
3.43875e-17
3.43875e-17
3.43875e-17
3.26588e-17
3.26588e-17
3.26588e-17
3.26588e-17
3.26588e-17
3.26588e-17
3.26588e-17
3.26588e-17
3.26588e-17
3.26588e-17
2.97917e-17
2.97917e-17
2.97917e-17
2.97917e-17
2.97917e-17
2.97917e-17
2.97917e-17
2.97917e-17
2.97917e-17
2.97917e-17
2.97917e-17
2.97917e-17
2.97917e-17
2.74853e-17
2.74853e-17
2.74853e-17
2.74853e-17
2.74853e-17
2.74853e-17
2.74853e-17
2.74853e-17
2.74853e-17
2.74853e-17
2.74853e-17
2.74853e-17
2.74853e-17
2.56043e-17
2.56043e-17
2.56043e-17
2.56043e-17
2.56043e-17
2.56043e-17
2.56043e-17
2.56043e-17
2.56043e-17
2.56043e-17
2.56043e-17
2.56043e-17
2.56043e-17
2.56043e-17
2.40489e-17
2.40489e-17
2.40489e-17
2.40489e-17
2.40489e-17
2.40489e-17
2.40489e-17
2.40489e-17
2.40489e-17
2.40489e-17
2.40489e-17
2.40489e-17
2.40489e-17
2.27468e-17
2.27468e-17
2.27468e-17
2.27468e-17
2.27468e-17
2.27468e-17
2.27468e-17
2.27468e-17
2.27468e-17
2.27468e-17
2.27468e-17
2.27468e-17
2.27468e-17
2.16449e-17
2.16449e-17
2.16449e-17
2.16449e-17
2.16449e-17
2.16449e-17
2.16449e-17
2.16449e-17
2.16449e-17
2.16449e-17
2.16449e-17
2.16449e-17
2.16449e-17
2.07032e-17
2.07032e-17
2.07032e-17
2.07032e-17
2.07032e-17
2.07032e-17
2.07032e-17
2.07032e-17
2.07032e-17
2.07032e-17
2.07032e-17
2.07032e-17
2.07032e-17
1.98914e-17
1.98914e-17
1.98914e-17
1.98914e-17
1.98914e-17
1.98914e-17
1.98914e-17
1.98914e-17
1.98914e-17
1.98914e-17
1.98914e-17
1.98914e-17
1.98914e-17
1.91861e-17
1.91861e-17
1.91861e-17
1.91861e-17
1.91861e-17
1.91861e-17
1.91861e-17
1.91861e-17
1.91861e-17
1.91861e-17
1.91861e-17
1.91861e-17
1.91861e-17
1.85688e-17
1.85688e-17
1.85688e-17
1.85688e-17
1.85688e-17
1.85688e-17
1.85688e-17
1.85688e-17
1.85688e-17
1.85688e-17
1.85688e-17
1.85688e-17
1.85688e-17
1.80251e-17
1.80251e-17
1.80251e-17
1.80251e-17
1.80251e-17
1.80251e-17
1.80251e-17
1.80251e-17
1.80251e-17
1.80251e-17
1.80251e-17
1.80251e-17
1.80251e-17
1.80251e-17
1.75435e-17
1.75435e-17
1.75435e-17
1.75435e-17
1.75435e-17
1.75435e-17
1.75435e-17
1.75435e-17
1.75435e-17
1.75435e-17
1.75435e-17
1.75435e-17
1.75435e-17
1.71144e-17
1.71144e-17
1.71144e-17
1.71144e-17
1.71144e-17
1.71144e-17
1.71144e-17
1.71144e-17
1.71144e-17
1.71144e-17
1.71144e-17
1.71144e-17
1.71144e-17
1.67305e-17
1.67305e-17
1.67305e-17
1.67305e-17
1.67305e-17
1.67305e-17
1.67305e-17
1.67305e-17
1.67305e-17
1.67305e-17
1.67305e-17
1.67305e-17
1.67305e-17
1.63853e-17
1.63853e-17
1.63853e-17
1.63853e-17
1.63853e-17
1.63853e-17
1.63853e-17
1.63853e-17
1.63853e-17
1.63853e-17
1.63853e-17
1.63853e-17
1.63853e-17
1.60737e-17
1.60737e-17
1.60737e-17
1.60737e-17
1.60737e-17
1.60737e-17
1.60737e-17
1.60737e-17
1.60737e-17
1.60737e-17
1.60737e-17
1.60737e-17
1.60737e-17
1.57913e-17
1.57913e-17
1.57913e-17
1.57913e-17
1.57913e-17
1.57913e-17
1.57913e-17
1.57913e-17
1.57913e-17
1.57913e-17
1.57913e-17
1.57913e-17
1.57913e-17
1.55346e-17
1.55346e-17
1.55346e-17
1.55346e-17
1.55346e-17
1.55346e-17
1.55346e-17
1.55346e-17
1.55346e-17
1.55346e-17
1.55346e-17
1.55346e-17
1.55346e-17
1.53005e-17
1.53005e-17
1.53005e-17
1.53005e-17
1.53005e-17
1.53005e-17
1.53005e-17
1.53005e-17
1.53005e-17
1.53005e-17
1.53005e-17
1.53005e-17
1.53005e-17
1.50865e-17
1.50865e-17
1.50865e-17
1.50865e-17
1.50865e-17
1.50865e-17
1.50865e-17
1.50865e-17
1.50865e-17
1.50865e-17
1.50865e-17
1.50865e-17
1.50865e-17
1.50865e-17
1.48902e-17
1.48902e-17
1.48902e-17
1.48902e-17
1.48902e-17
1.48902e-17
1.48902e-17
1.48902e-17
1.48902e-17
1.48902e-17
1.48902e-17
1.48902e-17
1.48902e-17
1.47098e-17
1.47098e-17
1.47098e-17
1.47098e-17
1.47098e-17
1.47098e-17
1.47098e-17
1.47098e-17
1.47098e-17
1.47098e-17
1.47098e-17
1.47098e-17
1.47098e-17
1.45438e-17
1.45438e-17
1.45438e-17
1.45438e-17
1.45438e-17
1.45438e-17
1.45438e-17
1.45438e-17
1.45438e-17
1.45438e-17
1.45438e-17
1.45438e-17
1.45438e-17
1.43907e-17
1.43907e-17
1.43907e-17
1.43907e-17
1.43907e-17
1.43907e-17
1.43907e-17
1.43907e-17
1.43907e-17
1.43907e-17
1.43907e-17
1.43907e-17
1.43907e-17
1.42493e-17
1.42493e-17
1.42493e-17
1.42493e-17
1.42493e-17
1.42493e-17
1.42493e-17
1.42493e-17
1.42493e-17
1.42493e-17
1.42493e-17
1.42493e-17
1.42493e-17
1.41187e-17
1.41187e-17
1.41187e-17
1.41187e-17
1.41187e-17
1.41187e-17
1.41187e-17
1.41187e-17
1.41187e-17
1.41187e-17
1.41187e-17
1.41187e-17
1.41187e-17
1.41187e-17
1.41187e-17
1.41187e-17
1.41187e-17
1.41187e-17
1.41187e-17
1.41187e-17
1.38866e-17
1.38866e-17
1.38866e-17
1.38866e-17
1.38866e-17
1.38866e-17
1.38866e-17
1.38866e-17
1.38866e-17
1.38866e-17
1.38866e-17
1.38866e-17
1.38866e-17
1.38866e-17
1.38866e-17
1.38866e-17
1.38866e-17
1.38866e-17
1.38866e-17
1.38866e-17
1.38866e-17
1.38866e-17
1.38866e-17
1.38866e-17
1.38866e-17
1.38866e-17
1.36843e-17
1.36843e-17
1.36843e-17
1.36843e-17
1.36843e-17
1.36843e-17
1.36843e-17
1.36843e-17
1.36843e-17
1.36843e-17
1.36843e-17
1.36843e-17
1.36843e-17
1.36843e-17
1.36843e-17
1.36843e-17
1.36843e-17
1.36843e-17
1.36843e-17
1.36843e-17
1.36843e-17
1.36843e-17
1.36843e-17
1.36843e-17
1.36843e-17
1.36843e-17
1.35073e-17
1.35073e-17
1.35073e-17
1.35073e-17
1.35073e-17
1.35073e-17
1.35073e-17
1.35073e-17
1.35073e-17
1.35073e-17
1.35073e-17
1.35073e-17
1.35073e-17
1.35073e-17
1.35073e-17
1.35073e-17
1.35073e-17
1.35073e-17
1.35073e-17
1.35073e-17
1.35073e-17
1.35073e-17
1.35073e-17
1.35073e-17
1.35073e-17
1.35073e-17
1.35073e-17
1.33517e-17
1.33517e-17
1.33517e-17
1.33517e-17
1.33517e-17
1.33517e-17
1.33517e-17
1.33517e-17
1.33517e-17
1.33517e-17
1.33517e-17
1.33517e-17
1.33517e-17
1.33517e-17
1.33517e-17
1.33517e-17
1.33517e-17
1.33517e-17
1.33517e-17
1.33517e-17
1.33517e-17
1.33517e-17
1.33517e-17
1.33517e-17
1.33517e-17
1.33517e-17
1.32145e-17
1.32145e-17
1.32145e-17
1.32145e-17
1.32145e-17
1.32145e-17
1.32145e-17
1.32145e-17
1.32145e-17
1.32145e-17
1.32145e-17
1.32145e-17
1.32145e-17
1.32145e-17
1.32145e-17
1.32145e-17
1.32145e-17
1.32145e-17
1.32145e-17
1.32145e-17
1.32145e-17
1.32145e-17
1.32145e-17
1.32145e-17
1.32145e-17
1.32145e-17
1.3093e-17
1.3093e-17
1.3093e-17
1.3093e-17
1.3093e-17
1.3093e-17
1.3093e-17
1.3093e-17
1.3093e-17
1.3093e-17
1.3093e-17
1.3093e-17
1.3093e-17
1.3093e-17
1.3093e-17
1.3093e-17
1.3093e-17
1.3093e-17
1.3093e-17
1.3093e-17
1.3093e-17
1.3093e-17
1.3093e-17
1.3093e-17
1.3093e-17
1.3093e-17
1.29851e-17
1.29851e-17
1.29851e-17
1.29851e-17
1.29851e-17
1.29851e-17
1.29851e-17
1.29851e-17
1.29851e-17
1.29851e-17
1.29851e-17
1.29851e-17
1.29851e-17
1.29851e-17
1.29851e-17
1.29851e-17
1.29851e-17
1.29851e-17
1.29851e-17
1.29851e-17
1.29851e-17
1.29851e-17
1.29851e-17
1.29851e-17
1.29851e-17
1.29851e-17
1.29851e-17
1.28892e-17
1.28892e-17
1.28892e-17
1.28892e-17
1.28892e-17
1.28892e-17
1.28892e-17
1.28892e-17
1.28892e-17
1.28892e-17
1.28892e-17
1.28892e-17
1.28892e-17
1.28892e-17
1.28892e-17
1.28892e-17
1.28892e-17
1.28892e-17
1.28892e-17
1.28892e-17
1.28892e-17
1.28892e-17
1.28892e-17
1.28892e-17
1.28892e-17
1.28892e-17
1.28037e-17
1.28037e-17
1.28037e-17
1.28037e-17
1.28037e-17
1.28037e-17
1.28037e-17
1.28037e-17
1.28037e-17
1.28037e-17
1.28037e-17
1.28037e-17
1.28037e-17
1.28037e-17
1.28037e-17
1.28037e-17
1.28037e-17
1.28037e-17
1.28037e-17
1.28037e-17
1.28037e-17
1.28037e-17
1.28037e-17
1.28037e-17
1.28037e-17
1.28037e-17
1.27275e-17
1.27275e-17
1.27275e-17
1.27275e-17
1.27275e-17
1.27275e-17
1.27275e-17
1.27275e-17
1.27275e-17
1.27275e-17
1.27275e-17
1.27275e-17
1.27275e-17
1.27275e-17
1.27275e-17
1.27275e-17
1.27275e-17
1.27275e-17
1.27275e-17
1.27275e-17
1.27275e-17
1.27275e-17
1.27275e-17
1.27275e-17
1.27275e-17
1.27275e-17
1.26601e-17
1.26601e-17
1.26601e-17
1.26601e-17
1.26601e-17
1.26601e-17
1.26601e-17
1.26601e-17
1.26601e-17
1.26601e-17
1.26601e-17
1.26601e-17
1.26601e-17
1.26601e-17
1.26601e-17
1.26601e-17
1.26601e-17
1.26601e-17
1.26601e-17
1.26601e-17
1.26296e-17
1.26296e-17
1.26296e-17
1.26296e-17
1.26296e-17
1.26296e-17
1.26296e-17
1.26296e-17
1.26296e-17
1.26296e-17
1.26296e-17
1.26296e-17
1.26296e-17
1.26019e-17
1.26019e-17
1.26019e-17
1.26019e-17
1.26019e-17
1.26019e-17
1.26019e-17
1.26019e-17
1.26019e-17
1.26019e-17
1.26019e-17
1.26019e-17
1.26019e-17
1.25773e-17
1.25773e-17
1.25773e-17
1.25773e-17
1.25773e-17
1.25773e-17
1.25773e-17
1.25773e-17
1.25773e-17
1.25773e-17
1.25773e-17
1.25773e-17
1.25773e-17
1.25564e-17
1.25564e-17
1.25564e-17
1.25564e-17
1.25564e-17
1.25564e-17
1.25564e-17
1.25564e-17
1.25564e-17
1.25564e-17
1.25564e-17
1.25564e-17
1.25564e-17
1.25417e-17
1.25417e-17
1.25417e-17
1.25417e-17
1.25417e-17
1.25417e-17
1.25417e-17
1.25417e-17
1.25417e-17
1.25417e-17
1.25417e-17
1.25314e-17
1.25314e-17
1.25314e-17
1.25314e-17
1.25314e-17
1.25314e-17
1.25314e-17
1.25314e-17
1.25314e-17
1.25279e-17
1.25279e-17
1.25279e-17
1.25279e-17
1.25279e-17
1.25279e-17
1.25256e-17
1.25256e-17
1.25256e-17
1.25256e-17
1.25256e-17
1.25256e-17
1.25245e-17
1.25245e-17
1.25245e-17
1.25245e-17
1.25245e-17
1.25245e-17
1.25245e-17
1.25245e-17
1.25245e-17
)
;

boundaryField
{
    inletBoundary
    {
        type            fixedValue;
        value           uniform 0.055187;
    }
    outletBoundary
    {
        type            zeroGradient;
    }
    frontAndBack
    {
        type            empty;
    }
}


// ************************************************************************* //
