/*--------------------------------*- C++ -*----------------------------------*\
  =========                 |
  \\      /  F ield         | OpenFOAM: The Open Source CFD Toolbox
   \\    /   O peration     | Website:  https://openfoam.org
    \\  /    A nd           | Version:  8
     \\/     M anipulation  |
\*---------------------------------------------------------------------------*/
FoamFile
{
    version     2.0;
    format      ascii;
    class       volScalarField;
    location    "0";
    object      CO2;
}
// * * * * * * * * * * * * * * * * * * * * * * * * * * * * * * * * * * * * * //

dimensions      [0 0 0 0 0 0 0];

internalField   nonuniform List<scalar> 
1400
(
1.43923e-16
1.43923e-16
1.43923e-16
1.43923e-16
1.43923e-16
1.43923e-16
1.43923e-16
1.43923e-16
1.43923e-16
1.43923e-16
1.43923e-16
1.43923e-16
1.43923e-16
1.43923e-16
1.43923e-16
1.43923e-16
1.43923e-16
1.43923e-16
1.43923e-16
1.43923e-16
1.43923e-16
1.43923e-16
1.43923e-16
1.43923e-16
1.43923e-16
1.43923e-16
1.43923e-16
1.43923e-16
1.43923e-16
1.43923e-16
1.43923e-16
1.43923e-16
1.43923e-16
1.43923e-16
1.43923e-16
1.43923e-16
1.43923e-16
1.43923e-16
1.43923e-16
1.43923e-16
1.43923e-16
1.43923e-16
1.43923e-16
1.43923e-16
1.43923e-16
1.43923e-16
1.43923e-16
1.43923e-16
1.43923e-16
1.43923e-16
7.39891e-15
7.39891e-15
7.39891e-15
7.39891e-15
7.39891e-15
7.39891e-15
7.39891e-15
7.39891e-15
7.39891e-15
7.39891e-15
7.39891e-15
7.39891e-15
7.39891e-15
7.39891e-15
7.39891e-15
7.39891e-15
7.39891e-15
7.39891e-15
7.39891e-15
7.39891e-15
7.39891e-15
7.39891e-15
7.39891e-15
7.39891e-15
7.39891e-15
7.39891e-15
7.39891e-15
7.39891e-15
7.39891e-15
7.39891e-15
7.39891e-15
7.39891e-15
7.39891e-15
7.39891e-15
7.39891e-15
7.39891e-15
7.39891e-15
7.39891e-15
7.39891e-15
7.39891e-15
7.39891e-15
7.39891e-15
7.39891e-15
7.39891e-15
7.39891e-15
7.39891e-15
7.39891e-15
7.39891e-15
7.39891e-15
7.39891e-15
7.39891e-15
7.39891e-15
7.39891e-15
7.39891e-15
7.39891e-15
7.39891e-15
7.39891e-15
7.39891e-15
7.39891e-15
7.39891e-15
7.39891e-15
7.39891e-15
7.39891e-15
7.39891e-15
7.39891e-15
7.39891e-15
7.39891e-15
7.39891e-15
7.39891e-15
7.39891e-15
7.39891e-15
7.39891e-15
7.39891e-15
7.39891e-15
7.39891e-15
7.39891e-15
7.39891e-15
7.39891e-15
7.39891e-15
7.39891e-15
7.39891e-15
7.39891e-15
7.39891e-15
7.39891e-15
7.39891e-15
7.39891e-15
7.39891e-15
7.39891e-15
7.39891e-15
7.39912e-15
7.39912e-15
7.39912e-15
7.39912e-15
7.39912e-15
7.39912e-15
7.39912e-15
7.39912e-15
7.39912e-15
7.39912e-15
7.39912e-15
7.39912e-15
7.39912e-15
7.39912e-15
7.39912e-15
7.39912e-15
7.39912e-15
7.39912e-15
7.39912e-15
7.39912e-15
7.39912e-15
7.39912e-15
7.39912e-15
7.39912e-15
7.39912e-15
7.39912e-15
7.39912e-15
7.39912e-15
7.39912e-15
7.39912e-15
7.39912e-15
7.39912e-15
7.39912e-15
7.39912e-15
7.39912e-15
7.39912e-15
7.39912e-15
7.39912e-15
7.39912e-15
7.39912e-15
7.39912e-15
7.39912e-15
7.39912e-15
7.39912e-15
7.39912e-15
7.39912e-15
7.39912e-15
7.39912e-15
7.39912e-15
7.39912e-15
7.39912e-15
7.39912e-15
7.39912e-15
7.39912e-15
7.39912e-15
7.39912e-15
7.39912e-15
7.39912e-15
7.39912e-15
7.39912e-15
7.39912e-15
7.39912e-15
7.39912e-15
7.39912e-15
7.39912e-15
7.39912e-15
7.39912e-15
7.39912e-15
7.39912e-15
7.39912e-15
7.39912e-15
7.39912e-15
7.39912e-15
7.39912e-15
7.39912e-15
7.39912e-15
7.39912e-15
7.39912e-15
7.40073e-15
7.40073e-15
7.40073e-15
7.40073e-15
7.40073e-15
7.40073e-15
7.40073e-15
7.40073e-15
7.40073e-15
7.40073e-15
7.40073e-15
7.40073e-15
7.40073e-15
7.40073e-15
7.40073e-15
7.40073e-15
7.40073e-15
7.40073e-15
7.40073e-15
7.40073e-15
7.40073e-15
7.40073e-15
7.40073e-15
7.40073e-15
7.40073e-15
7.40073e-15
7.40073e-15
7.40073e-15
7.40073e-15
7.40073e-15
7.40073e-15
7.40073e-15
7.40073e-15
7.40073e-15
7.40073e-15
7.40073e-15
7.40073e-15
7.40073e-15
7.40073e-15
7.40073e-15
7.40073e-15
7.40073e-15
7.40073e-15
7.40073e-15
7.40073e-15
7.40073e-15
7.40073e-15
7.40073e-15
7.40073e-15
7.40073e-15
7.40073e-15
7.40073e-15
7.40073e-15
7.40073e-15
7.40073e-15
7.40073e-15
7.40073e-15
7.40073e-15
7.40073e-15
7.40073e-15
7.40073e-15
7.40073e-15
7.40073e-15
7.40073e-15
7.40073e-15
7.40073e-15
7.43772e-15
7.43772e-15
7.43772e-15
7.43772e-15
7.43772e-15
7.43772e-15
7.43772e-15
7.43772e-15
7.43772e-15
7.43772e-15
7.43772e-15
7.43772e-15
7.43772e-15
7.43772e-15
7.43772e-15
7.43772e-15
7.43772e-15
7.43772e-15
7.43772e-15
7.43772e-15
7.43772e-15
7.43772e-15
7.43772e-15
7.43772e-15
7.43772e-15
7.43772e-15
7.43772e-15
7.43772e-15
7.43772e-15
7.43772e-15
7.43772e-15
7.43772e-15
7.43772e-15
7.43772e-15
7.43772e-15
7.43772e-15
7.43772e-15
7.43772e-15
7.43772e-15
7.43772e-15
7.43772e-15
7.43772e-15
7.43772e-15
7.43772e-15
7.43772e-15
7.43772e-15
7.43772e-15
7.43772e-15
7.43772e-15
7.43772e-15
7.43772e-15
7.43772e-15
8.46181e-15
8.46181e-15
8.46181e-15
8.46181e-15
8.46181e-15
8.46181e-15
8.46181e-15
8.46181e-15
8.46181e-15
8.46181e-15
8.46181e-15
8.46181e-15
8.46181e-15
8.46181e-15
8.46181e-15
8.46181e-15
8.46181e-15
8.46181e-15
8.46181e-15
8.46181e-15
8.46181e-15
8.46181e-15
8.46181e-15
8.46181e-15
8.46181e-15
8.46181e-15
8.46181e-15
8.46181e-15
8.46181e-15
8.46181e-15
8.46181e-15
8.46181e-15
8.46181e-15
8.46181e-15
8.46181e-15
8.46181e-15
8.46181e-15
8.46181e-15
8.46181e-15
8.46181e-15
1.92221e-14
1.92221e-14
1.92221e-14
1.92221e-14
1.92221e-14
1.92221e-14
1.92221e-14
1.92221e-14
1.92221e-14
1.92221e-14
1.92221e-14
1.92221e-14
1.92221e-14
1.92221e-14
1.92221e-14
1.92221e-14
1.92221e-14
1.92221e-14
1.92221e-14
1.92221e-14
1.92221e-14
1.92221e-14
1.92221e-14
1.92221e-14
1.92221e-14
1.92221e-14
1.73559e-13
1.73559e-13
1.73559e-13
1.73559e-13
1.73559e-13
1.73559e-13
1.73559e-13
1.73559e-13
1.73559e-13
1.73559e-13
1.73559e-13
1.73559e-13
1.73559e-13
1.73559e-13
1.73559e-13
1.73559e-13
1.73559e-13
1.73559e-13
1.73559e-13
1.73559e-13
1.02298e-12
1.02298e-12
1.02298e-12
1.02298e-12
1.02298e-12
1.02298e-12
1.02298e-12
1.02298e-12
1.02298e-12
1.02298e-12
1.02298e-12
1.02298e-12
1.02298e-12
7.53941e-12
7.53941e-12
7.53941e-12
7.53941e-12
7.53941e-12
7.53941e-12
7.53941e-12
7.53941e-12
7.53941e-12
7.53941e-12
2.71009e-11
2.71009e-11
2.71009e-11
2.71009e-11
2.71009e-11
2.71009e-11
1.11917e-10
1.11917e-10
1.11917e-10
1.11917e-10
1.11917e-10
1.11917e-10
1.11917e-10
4.79678e-10
4.79678e-10
4.79678e-10
4.79678e-10
4.79678e-10
4.79678e-10
2.07431e-09
2.07431e-09
2.07431e-09
2.07431e-09
2.07431e-09
2.07431e-09
7.95776e-09
7.95776e-09
7.95776e-09
7.95776e-09
7.95776e-09
7.95776e-09
3.12874e-08
3.12874e-08
3.12874e-08
3.12874e-08
3.12874e-08
6.88894e-08
6.88894e-08
6.88894e-08
1.62214e-07
1.62214e-07
2.6072e-07
4.32146e-07
4.32146e-07
7.30371e-07
1.24891e-06
1.65175e-06
2.20307e-06
3.91298e-06
5.23869e-06
7.04905e-06
1.28847e-05
1.74647e-05
2.36858e-05
4.35149e-05
5.88702e-05
9.31372e-05
0.00014762
0.000232874
0.000338549
0.000489371
0.0007513
0.0010582
0.00156563
0.00219808
0.0030236
0.00396903
0.00531824
0.00690615
0.00878812
0.0110887
0.0137791
0.0165555
0.020057
0.0240146
0.02819
0.0329981
0.037911
0.0433703
0.0487414
0.0544832
0.0599166
0.0655003
0.0705773
0.075352
0.0799927
0.0842063
0.087987
0.0910314
0.0940405
0.0966908
0.0990192
0.101061
0.102513
0.104428
0.10555
0.107032
0.107903
0.109057
0.10974
0.110362
0.110931
0.111931
0.112372
0.112779
0.113156
0.113831
0.114136
0.114421
0.114689
0.114941
0.115406
0.115621
0.115826
0.116208
0.116208
0.116562
0.116562
0.116892
0.117202
0.117202
0.117496
0.117776
0.117776
0.118044
0.118044
0.118301
0.11855
0.11855
0.118791
0.118791
0.119025
0.119253
0.119253
0.119475
0.119475
0.119692
0.119903
0.119903
0.120111
0.120111
0.120314
0.120513
0.120513
0.120707
0.120707
0.121086
0.121086
0.121086
0.121086
0.121451
0.121451
0.121451
0.121803
0.121803
0.121803
0.122144
0.122144
0.122144
0.122474
0.122474
0.122474
0.122474
0.122793
0.122793
0.122793
0.123102
0.123102
0.123102
0.123401
0.123401
0.123401
0.123401
0.123691
0.123691
0.123691
0.123972
0.123972
0.123972
0.124244
0.124244
0.124244
0.124244
0.124244
0.124761
0.124761
0.124761
0.124761
0.124761
0.124761
0.124761
0.12525
0.12525
0.12525
0.12525
0.12525
0.12525
0.125711
0.125711
0.125711
0.125711
0.125711
0.125711
0.125711
0.126147
0.126147
0.126147
0.126147
0.126147
0.126147
0.12656
0.12656
0.12656
0.12656
0.12656
0.12656
0.12656
0.126951
0.126951
0.126951
0.126951
0.126951
0.126951
0.127321
0.127321
0.127321
0.127321
0.127321
0.127321
0.127321
0.127321
0.127321
0.127321
0.127999
0.127999
0.127999
0.127999
0.127999
0.127999
0.127999
0.127999
0.127999
0.127999
0.127999
0.127999
0.127999
0.128615
0.128615
0.128615
0.128615
0.128615
0.128615
0.128615
0.128615
0.128615
0.128615
0.128615
0.128615
0.128615
0.129177
0.129177
0.129177
0.129177
0.129177
0.129177
0.129177
0.129177
0.129177
0.129177
0.129177
0.129177
0.129177
0.129177
0.129691
0.129691
0.129691
0.129691
0.129691
0.129691
0.129691
0.129691
0.129691
0.129691
0.129691
0.129691
0.129691
0.130162
0.130162
0.130162
0.130162
0.130162
0.130162
0.130162
0.130162
0.130162
0.130162
0.130162
0.130162
0.130162
0.130595
0.130595
0.130595
0.130595
0.130595
0.130595
0.130595
0.130595
0.130595
0.130595
0.130595
0.130595
0.130595
0.130994
0.130994
0.130994
0.130994
0.130994
0.130994
0.130994
0.130994
0.130994
0.130994
0.130994
0.130994
0.130994
0.131363
0.131363
0.131363
0.131363
0.131363
0.131363
0.131363
0.131363
0.131363
0.131363
0.131363
0.131363
0.131363
0.131704
0.131704
0.131704
0.131704
0.131704
0.131704
0.131704
0.131704
0.131704
0.131704
0.131704
0.131704
0.131704
0.13202
0.13202
0.13202
0.13202
0.13202
0.13202
0.13202
0.13202
0.13202
0.13202
0.13202
0.13202
0.13202
0.132314
0.132314
0.132314
0.132314
0.132314
0.132314
0.132314
0.132314
0.132314
0.132314
0.132314
0.132314
0.132314
0.132314
0.132588
0.132588
0.132588
0.132588
0.132588
0.132588
0.132588
0.132588
0.132588
0.132588
0.132588
0.132588
0.132588
0.132842
0.132842
0.132842
0.132842
0.132842
0.132842
0.132842
0.132842
0.132842
0.132842
0.132842
0.132842
0.132842
0.13308
0.13308
0.13308
0.13308
0.13308
0.13308
0.13308
0.13308
0.13308
0.13308
0.13308
0.13308
0.13308
0.133302
0.133302
0.133302
0.133302
0.133302
0.133302
0.133302
0.133302
0.133302
0.133302
0.133302
0.133302
0.133302
0.13351
0.13351
0.13351
0.13351
0.13351
0.13351
0.13351
0.13351
0.13351
0.13351
0.13351
0.13351
0.13351
0.133705
0.133705
0.133705
0.133705
0.133705
0.133705
0.133705
0.133705
0.133705
0.133705
0.133705
0.133705
0.133705
0.133887
0.133887
0.133887
0.133887
0.133887
0.133887
0.133887
0.133887
0.133887
0.133887
0.133887
0.133887
0.133887
0.134058
0.134058
0.134058
0.134058
0.134058
0.134058
0.134058
0.134058
0.134058
0.134058
0.134058
0.134058
0.134058
0.134219
0.134219
0.134219
0.134219
0.134219
0.134219
0.134219
0.134219
0.134219
0.134219
0.134219
0.134219
0.134219
0.134219
0.134371
0.134371
0.134371
0.134371
0.134371
0.134371
0.134371
0.134371
0.134371
0.134371
0.134371
0.134371
0.134371
0.134513
0.134513
0.134513
0.134513
0.134513
0.134513
0.134513
0.134513
0.134513
0.134513
0.134513
0.134513
0.134513
0.134647
0.134647
0.134647
0.134647
0.134647
0.134647
0.134647
0.134647
0.134647
0.134647
0.134647
0.134647
0.134647
0.134773
0.134773
0.134773
0.134773
0.134773
0.134773
0.134773
0.134773
0.134773
0.134773
0.134773
0.134773
0.134773
0.134892
0.134892
0.134892
0.134892
0.134892
0.134892
0.134892
0.134892
0.134892
0.134892
0.134892
0.134892
0.134892
0.135004
0.135004
0.135004
0.135004
0.135004
0.135004
0.135004
0.135004
0.135004
0.135004
0.135004
0.135004
0.135004
0.135004
0.135004
0.135004
0.135004
0.135004
0.135004
0.135004
0.135206
0.135206
0.135206
0.135206
0.135206
0.135206
0.135206
0.135206
0.135206
0.135206
0.135206
0.135206
0.135206
0.135206
0.135206
0.135206
0.135206
0.135206
0.135206
0.135206
0.135206
0.135206
0.135206
0.135206
0.135206
0.135206
0.135388
0.135388
0.135388
0.135388
0.135388
0.135388
0.135388
0.135388
0.135388
0.135388
0.135388
0.135388
0.135388
0.135388
0.135388
0.135388
0.135388
0.135388
0.135388
0.135388
0.135388
0.135388
0.135388
0.135388
0.135388
0.135388
0.135551
0.135551
0.135551
0.135551
0.135551
0.135551
0.135551
0.135551
0.135551
0.135551
0.135551
0.135551
0.135551
0.135551
0.135551
0.135551
0.135551
0.135551
0.135551
0.135551
0.135551
0.135551
0.135551
0.135551
0.135551
0.135551
0.135551
0.135698
0.135698
0.135698
0.135698
0.135698
0.135698
0.135698
0.135698
0.135698
0.135698
0.135698
0.135698
0.135698
0.135698
0.135698
0.135698
0.135698
0.135698
0.135698
0.135698
0.135698
0.135698
0.135698
0.135698
0.135698
0.135698
0.13583
0.13583
0.13583
0.13583
0.13583
0.13583
0.13583
0.13583
0.13583
0.13583
0.13583
0.13583
0.13583
0.13583
0.13583
0.13583
0.13583
0.13583
0.13583
0.13583
0.13583
0.13583
0.13583
0.13583
0.13583
0.13583
0.135949
0.135949
0.135949
0.135949
0.135949
0.135949
0.135949
0.135949
0.135949
0.135949
0.135949
0.135949
0.135949
0.135949
0.135949
0.135949
0.135949
0.135949
0.135949
0.135949
0.135949
0.135949
0.135949
0.135949
0.135949
0.135949
0.136057
0.136057
0.136057
0.136057
0.136057
0.136057
0.136057
0.136057
0.136057
0.136057
0.136057
0.136057
0.136057
0.136057
0.136057
0.136057
0.136057
0.136057
0.136057
0.136057
0.136057
0.136057
0.136057
0.136057
0.136057
0.136057
0.136057
0.136154
0.136154
0.136154
0.136154
0.136154
0.136154
0.136154
0.136154
0.136154
0.136154
0.136154
0.136154
0.136154
0.136154
0.136154
0.136154
0.136154
0.136154
0.136154
0.136154
0.136154
0.136154
0.136154
0.136154
0.136154
0.136154
0.136243
0.136243
0.136243
0.136243
0.136243
0.136243
0.136243
0.136243
0.136243
0.136243
0.136243
0.136243
0.136243
0.136243
0.136243
0.136243
0.136243
0.136243
0.136243
0.136243
0.136243
0.136243
0.136243
0.136243
0.136243
0.136243
0.136322
0.136322
0.136322
0.136322
0.136322
0.136322
0.136322
0.136322
0.136322
0.136322
0.136322
0.136322
0.136322
0.136322
0.136322
0.136322
0.136322
0.136322
0.136322
0.136322
0.136322
0.136322
0.136322
0.136322
0.136322
0.136322
0.136395
0.136395
0.136395
0.136395
0.136395
0.136395
0.136395
0.136395
0.136395
0.136395
0.136395
0.136395
0.136395
0.136395
0.136395
0.136395
0.136395
0.136395
0.136395
0.136395
0.136429
0.136429
0.136429
0.136429
0.136429
0.136429
0.136429
0.136429
0.136429
0.136429
0.136429
0.136429
0.136429
0.13646
0.13646
0.13646
0.13646
0.13646
0.13646
0.13646
0.13646
0.13646
0.13646
0.13646
0.13646
0.13646
0.13649
0.13649
0.13649
0.13649
0.13649
0.13649
0.13649
0.13649
0.13649
0.13649
0.13649
0.13649
0.13649
0.136517
0.136517
0.136517
0.136517
0.136517
0.136517
0.136517
0.136517
0.136517
0.136517
0.136517
0.136517
0.136517
0.136538
0.136538
0.136538
0.136538
0.136538
0.136538
0.136538
0.136538
0.136538
0.136538
0.136538
0.136556
0.136556
0.136556
0.136556
0.136556
0.136556
0.136556
0.136556
0.136556
0.136564
0.136564
0.136564
0.136564
0.136564
0.136564
0.13657
0.13657
0.13657
0.13657
0.13657
0.13657
0.136573
0.136573
0.136573
0.136573
0.136573
0.136573
0.136573
0.136573
0.136573
)
;

boundaryField
{
    inletBoundary
    {
        type            fixedValue;
        value           uniform 0;
    }
    outletBoundary
    {
        type            zeroGradient;
    }
    frontAndBack
    {
        type            empty;
    }
}


// ************************************************************************* //
