/*--------------------------------*- C++ -*----------------------------------*\
  =========                 |
  \\      /  F ield         | OpenFOAM: The Open Source CFD Toolbox
   \\    /   O peration     | Website:  https://openfoam.org
    \\  /    A nd           | Version:  8
     \\/     M anipulation  |
\*---------------------------------------------------------------------------*/
FoamFile
{
    version     2.0;
    format      ascii;
    class       volScalarField;
    location    "0";
    object      H2O;
}
// * * * * * * * * * * * * * * * * * * * * * * * * * * * * * * * * * * * * * //

dimensions      [0 0 0 0 0 0 0];

internalField   nonuniform List<scalar> 
1400
(
5.13667e-15
5.13667e-15
5.13667e-15
5.13667e-15
5.13667e-15
5.13667e-15
5.13667e-15
5.13667e-15
5.13667e-15
5.13667e-15
5.13667e-15
5.13667e-15
5.13667e-15
5.13667e-15
5.13667e-15
5.13667e-15
5.13667e-15
5.13667e-15
5.13667e-15
5.13667e-15
5.13667e-15
5.13667e-15
5.13667e-15
5.13667e-15
5.13667e-15
5.13667e-15
5.13667e-15
5.13667e-15
5.13667e-15
5.13667e-15
5.13667e-15
5.13667e-15
5.13667e-15
5.13667e-15
5.13667e-15
5.13667e-15
5.13667e-15
5.13667e-15
5.13667e-15
5.13667e-15
5.13667e-15
5.13667e-15
5.13667e-15
5.13667e-15
5.13667e-15
5.13667e-15
5.13667e-15
5.13667e-15
5.13667e-15
5.13667e-15
1.86177e-13
1.86177e-13
1.86177e-13
1.86177e-13
1.86177e-13
1.86177e-13
1.86177e-13
1.86177e-13
1.86177e-13
1.86177e-13
1.86177e-13
1.86177e-13
1.86177e-13
1.86177e-13
1.86177e-13
1.86177e-13
1.86177e-13
1.86177e-13
1.86177e-13
1.86177e-13
1.86177e-13
1.86177e-13
1.86177e-13
1.86177e-13
1.86177e-13
1.86177e-13
1.86177e-13
1.86177e-13
1.86177e-13
1.86177e-13
1.86177e-13
1.86177e-13
1.86177e-13
1.86177e-13
1.86177e-13
1.86177e-13
1.86177e-13
1.86177e-13
1.86177e-13
1.86177e-13
1.86177e-13
1.86177e-13
1.86177e-13
1.86177e-13
1.86177e-13
1.86177e-13
1.86177e-13
1.86177e-13
1.86177e-13
1.86177e-13
1.86177e-13
1.86177e-13
1.86177e-13
1.86177e-13
1.86177e-13
1.86177e-13
1.86177e-13
1.86177e-13
1.86177e-13
1.86177e-13
1.86177e-13
1.86177e-13
1.86177e-13
1.86177e-13
1.86177e-13
1.86177e-13
1.86177e-13
1.86177e-13
1.86177e-13
1.86177e-13
1.86177e-13
1.86177e-13
1.86177e-13
1.86177e-13
1.86177e-13
1.86177e-13
1.86177e-13
1.86177e-13
1.86177e-13
1.86177e-13
1.86177e-13
1.86177e-13
1.86177e-13
1.86177e-13
1.86177e-13
1.86177e-13
1.86177e-13
1.86177e-13
1.86177e-13
1.85632e-13
1.85632e-13
1.85632e-13
1.85632e-13
1.85632e-13
1.85632e-13
1.85632e-13
1.85632e-13
1.85632e-13
1.85632e-13
1.85632e-13
1.85632e-13
1.85632e-13
1.85632e-13
1.85632e-13
1.85632e-13
1.85632e-13
1.85632e-13
1.85632e-13
1.85632e-13
1.85632e-13
1.85632e-13
1.85632e-13
1.85632e-13
1.85632e-13
1.85632e-13
1.85632e-13
1.85632e-13
1.85632e-13
1.85632e-13
1.85632e-13
1.85632e-13
1.85632e-13
1.85632e-13
1.85632e-13
1.85632e-13
1.85632e-13
1.85632e-13
1.85632e-13
1.85632e-13
1.85632e-13
1.85632e-13
1.85632e-13
1.85632e-13
1.85632e-13
1.85632e-13
1.85632e-13
1.85632e-13
1.85632e-13
1.85632e-13
1.85632e-13
1.85632e-13
1.85632e-13
1.85632e-13
1.85632e-13
1.85632e-13
1.85632e-13
1.85632e-13
1.85632e-13
1.85632e-13
1.85632e-13
1.85632e-13
1.85632e-13
1.85632e-13
1.85632e-13
1.85632e-13
1.85632e-13
1.85632e-13
1.85632e-13
1.85632e-13
1.85632e-13
1.85632e-13
1.85632e-13
1.85632e-13
1.85632e-13
1.85632e-13
1.85632e-13
1.85632e-13
1.88962e-13
1.88962e-13
1.88962e-13
1.88962e-13
1.88962e-13
1.88962e-13
1.88962e-13
1.88962e-13
1.88962e-13
1.88962e-13
1.88962e-13
1.88962e-13
1.88962e-13
1.88962e-13
1.88962e-13
1.88962e-13
1.88962e-13
1.88962e-13
1.88962e-13
1.88962e-13
1.88962e-13
1.88962e-13
1.88962e-13
1.88962e-13
1.88962e-13
1.88962e-13
1.88962e-13
1.88962e-13
1.88962e-13
1.88962e-13
1.88962e-13
1.88962e-13
1.88962e-13
1.88962e-13
1.88962e-13
1.88962e-13
1.88962e-13
1.88962e-13
1.88962e-13
1.88962e-13
1.88962e-13
1.88962e-13
1.88962e-13
1.88962e-13
1.88962e-13
1.88962e-13
1.88962e-13
1.88962e-13
1.88962e-13
1.88962e-13
1.88962e-13
1.88962e-13
1.88962e-13
1.88962e-13
1.88962e-13
1.88962e-13
1.88962e-13
1.88962e-13
1.88962e-13
1.88962e-13
1.88962e-13
1.88962e-13
1.88962e-13
1.88962e-13
1.88962e-13
1.88962e-13
3.04932e-13
3.04932e-13
3.04932e-13
3.04932e-13
3.04932e-13
3.04932e-13
3.04932e-13
3.04932e-13
3.04932e-13
3.04932e-13
3.04932e-13
3.04932e-13
3.04932e-13
3.04932e-13
3.04932e-13
3.04932e-13
3.04932e-13
3.04932e-13
3.04932e-13
3.04932e-13
3.04932e-13
3.04932e-13
3.04932e-13
3.04932e-13
3.04932e-13
3.04932e-13
3.04932e-13
3.04932e-13
3.04932e-13
3.04932e-13
3.04932e-13
3.04932e-13
3.04932e-13
3.04932e-13
3.04932e-13
3.04932e-13
3.04932e-13
3.04932e-13
3.04932e-13
3.04932e-13
3.04932e-13
3.04932e-13
3.04932e-13
3.04932e-13
3.04932e-13
3.04932e-13
3.04932e-13
3.04932e-13
3.04932e-13
3.04932e-13
3.04932e-13
3.04932e-13
2.63559e-12
2.63559e-12
2.63559e-12
2.63559e-12
2.63559e-12
2.63559e-12
2.63559e-12
2.63559e-12
2.63559e-12
2.63559e-12
2.63559e-12
2.63559e-12
2.63559e-12
2.63559e-12
2.63559e-12
2.63559e-12
2.63559e-12
2.63559e-12
2.63559e-12
2.63559e-12
2.63559e-12
2.63559e-12
2.63559e-12
2.63559e-12
2.63559e-12
2.63559e-12
2.63559e-12
2.63559e-12
2.63559e-12
2.63559e-12
2.63559e-12
2.63559e-12
2.63559e-12
2.63559e-12
2.63559e-12
2.63559e-12
2.63559e-12
2.63559e-12
2.63559e-12
2.63559e-12
2.01273e-11
2.01273e-11
2.01273e-11
2.01273e-11
2.01273e-11
2.01273e-11
2.01273e-11
2.01273e-11
2.01273e-11
2.01273e-11
2.01273e-11
2.01273e-11
2.01273e-11
2.01273e-11
2.01273e-11
2.01273e-11
2.01273e-11
2.01273e-11
2.01273e-11
2.01273e-11
2.01273e-11
2.01273e-11
2.01273e-11
2.01273e-11
2.01273e-11
2.01273e-11
2.00818e-10
2.00818e-10
2.00818e-10
2.00818e-10
2.00818e-10
2.00818e-10
2.00818e-10
2.00818e-10
2.00818e-10
2.00818e-10
2.00818e-10
2.00818e-10
2.00818e-10
2.00818e-10
2.00818e-10
2.00818e-10
2.00818e-10
2.00818e-10
2.00818e-10
2.00818e-10
9.2332e-10
9.2332e-10
9.2332e-10
9.2332e-10
9.2332e-10
9.2332e-10
9.2332e-10
9.2332e-10
9.2332e-10
9.2332e-10
9.2332e-10
9.2332e-10
9.2332e-10
5.01612e-09
5.01612e-09
5.01612e-09
5.01612e-09
5.01612e-09
5.01612e-09
5.01612e-09
5.01612e-09
5.01612e-09
5.01612e-09
1.4222e-08
1.4222e-08
1.4222e-08
1.4222e-08
1.4222e-08
1.4222e-08
4.49002e-08
4.49002e-08
4.49002e-08
4.49002e-08
4.49002e-08
4.49002e-08
4.49002e-08
1.47135e-07
1.47135e-07
1.47135e-07
1.47135e-07
1.47135e-07
1.47135e-07
4.87843e-07
4.87843e-07
4.87843e-07
4.87843e-07
4.87843e-07
4.87843e-07
1.45789e-06
1.45789e-06
1.45789e-06
1.45789e-06
1.45789e-06
1.45789e-06
4.43922e-06
4.43922e-06
4.43922e-06
4.43922e-06
4.43922e-06
8.24747e-06
8.24747e-06
8.24747e-06
1.60014e-05
1.60014e-05
2.28898e-05
3.33427e-05
3.33427e-05
4.91987e-05
7.32381e-05
8.99074e-05
0.000110866
0.000168879
0.000209026
0.000259393
0.000401562
0.000500375
0.000623689
0.000967956
0.00120404
0.0016717
0.00231637
0.00319156
0.00414406
0.00534545
0.00716723
0.00903999
0.0117571
0.0147212
0.0181417
0.0216419
0.0261124
0.0308214
0.0358542
0.0414218
0.0473268
0.0528939
0.059311
0.0658974
0.072194
0.0787085
0.0846118
0.0903214
0.0950952
0.0993112
0.102509
0.105069
0.106835
0.108074
0.108948
0.109502
0.109837
0.110013
0.11012
0.110171
0.110192
0.110202
0.110208
0.110223
0.11024
0.110279
0.110314
0.110379
0.11043
0.110487
0.110549
0.110686
0.11076
0.110837
0.110917
0.111082
0.111166
0.111252
0.111338
0.111425
0.111599
0.111686
0.111773
0.111945
0.111945
0.112114
0.112114
0.112281
0.112444
0.112444
0.112603
0.112758
0.112758
0.11291
0.11291
0.113057
0.1132
0.1132
0.113339
0.113339
0.113475
0.113606
0.113606
0.113734
0.113734
0.113858
0.113978
0.113978
0.114095
0.114095
0.114208
0.114319
0.114319
0.114426
0.114426
0.114631
0.114631
0.114631
0.114631
0.114825
0.114825
0.114825
0.115009
0.115009
0.115009
0.115184
0.115184
0.115184
0.11535
0.11535
0.11535
0.11535
0.115508
0.115508
0.115508
0.115659
0.115659
0.115659
0.115802
0.115802
0.115802
0.115802
0.115939
0.115939
0.115939
0.116069
0.116069
0.116069
0.116194
0.116194
0.116194
0.116194
0.116194
0.116426
0.116426
0.116426
0.116426
0.116426
0.116426
0.116426
0.11664
0.11664
0.11664
0.11664
0.11664
0.11664
0.116838
0.116838
0.116838
0.116838
0.116838
0.116838
0.116838
0.117021
0.117021
0.117021
0.117021
0.117021
0.117021
0.117191
0.117191
0.117191
0.117191
0.117191
0.117191
0.117191
0.117349
0.117349
0.117349
0.117349
0.117349
0.117349
0.117496
0.117496
0.117496
0.117496
0.117496
0.117496
0.117496
0.117496
0.117496
0.117496
0.117759
0.117759
0.117759
0.117759
0.117759
0.117759
0.117759
0.117759
0.117759
0.117759
0.117759
0.117759
0.117759
0.117991
0.117991
0.117991
0.117991
0.117991
0.117991
0.117991
0.117991
0.117991
0.117991
0.117991
0.117991
0.117991
0.118198
0.118198
0.118198
0.118198
0.118198
0.118198
0.118198
0.118198
0.118198
0.118198
0.118198
0.118198
0.118198
0.118198
0.118384
0.118384
0.118384
0.118384
0.118384
0.118384
0.118384
0.118384
0.118384
0.118384
0.118384
0.118384
0.118384
0.118551
0.118551
0.118551
0.118551
0.118551
0.118551
0.118551
0.118551
0.118551
0.118551
0.118551
0.118551
0.118551
0.118702
0.118702
0.118702
0.118702
0.118702
0.118702
0.118702
0.118702
0.118702
0.118702
0.118702
0.118702
0.118702
0.118839
0.118839
0.118839
0.118839
0.118839
0.118839
0.118839
0.118839
0.118839
0.118839
0.118839
0.118839
0.118839
0.118964
0.118964
0.118964
0.118964
0.118964
0.118964
0.118964
0.118964
0.118964
0.118964
0.118964
0.118964
0.118964
0.119078
0.119078
0.119078
0.119078
0.119078
0.119078
0.119078
0.119078
0.119078
0.119078
0.119078
0.119078
0.119078
0.119183
0.119183
0.119183
0.119183
0.119183
0.119183
0.119183
0.119183
0.119183
0.119183
0.119183
0.119183
0.119183
0.119279
0.119279
0.119279
0.119279
0.119279
0.119279
0.119279
0.119279
0.119279
0.119279
0.119279
0.119279
0.119279
0.119279
0.119368
0.119368
0.119368
0.119368
0.119368
0.119368
0.119368
0.119368
0.119368
0.119368
0.119368
0.119368
0.119368
0.11945
0.11945
0.11945
0.11945
0.11945
0.11945
0.11945
0.11945
0.11945
0.11945
0.11945
0.11945
0.11945
0.119526
0.119526
0.119526
0.119526
0.119526
0.119526
0.119526
0.119526
0.119526
0.119526
0.119526
0.119526
0.119526
0.119596
0.119596
0.119596
0.119596
0.119596
0.119596
0.119596
0.119596
0.119596
0.119596
0.119596
0.119596
0.119596
0.119662
0.119662
0.119662
0.119662
0.119662
0.119662
0.119662
0.119662
0.119662
0.119662
0.119662
0.119662
0.119662
0.119722
0.119722
0.119722
0.119722
0.119722
0.119722
0.119722
0.119722
0.119722
0.119722
0.119722
0.119722
0.119722
0.119779
0.119779
0.119779
0.119779
0.119779
0.119779
0.119779
0.119779
0.119779
0.119779
0.119779
0.119779
0.119779
0.119832
0.119832
0.119832
0.119832
0.119832
0.119832
0.119832
0.119832
0.119832
0.119832
0.119832
0.119832
0.119832
0.119881
0.119881
0.119881
0.119881
0.119881
0.119881
0.119881
0.119881
0.119881
0.119881
0.119881
0.119881
0.119881
0.119881
0.119928
0.119928
0.119928
0.119928
0.119928
0.119928
0.119928
0.119928
0.119928
0.119928
0.119928
0.119928
0.119928
0.119971
0.119971
0.119971
0.119971
0.119971
0.119971
0.119971
0.119971
0.119971
0.119971
0.119971
0.119971
0.119971
0.120012
0.120012
0.120012
0.120012
0.120012
0.120012
0.120012
0.120012
0.120012
0.120012
0.120012
0.120012
0.120012
0.12005
0.12005
0.12005
0.12005
0.12005
0.12005
0.12005
0.12005
0.12005
0.12005
0.12005
0.12005
0.12005
0.120086
0.120086
0.120086
0.120086
0.120086
0.120086
0.120086
0.120086
0.120086
0.120086
0.120086
0.120086
0.120086
0.120119
0.120119
0.120119
0.120119
0.120119
0.120119
0.120119
0.120119
0.120119
0.120119
0.120119
0.120119
0.120119
0.120119
0.120119
0.120119
0.120119
0.120119
0.120119
0.120119
0.120179
0.120179
0.120179
0.120179
0.120179
0.120179
0.120179
0.120179
0.120179
0.120179
0.120179
0.120179
0.120179
0.120179
0.120179
0.120179
0.120179
0.120179
0.120179
0.120179
0.120179
0.120179
0.120179
0.120179
0.120179
0.120179
0.120233
0.120233
0.120233
0.120233
0.120233
0.120233
0.120233
0.120233
0.120233
0.120233
0.120233
0.120233
0.120233
0.120233
0.120233
0.120233
0.120233
0.120233
0.120233
0.120233
0.120233
0.120233
0.120233
0.120233
0.120233
0.120233
0.120281
0.120281
0.120281
0.120281
0.120281
0.120281
0.120281
0.120281
0.120281
0.120281
0.120281
0.120281
0.120281
0.120281
0.120281
0.120281
0.120281
0.120281
0.120281
0.120281
0.120281
0.120281
0.120281
0.120281
0.120281
0.120281
0.120281
0.120324
0.120324
0.120324
0.120324
0.120324
0.120324
0.120324
0.120324
0.120324
0.120324
0.120324
0.120324
0.120324
0.120324
0.120324
0.120324
0.120324
0.120324
0.120324
0.120324
0.120324
0.120324
0.120324
0.120324
0.120324
0.120324
0.120362
0.120362
0.120362
0.120362
0.120362
0.120362
0.120362
0.120362
0.120362
0.120362
0.120362
0.120362
0.120362
0.120362
0.120362
0.120362
0.120362
0.120362
0.120362
0.120362
0.120362
0.120362
0.120362
0.120362
0.120362
0.120362
0.120397
0.120397
0.120397
0.120397
0.120397
0.120397
0.120397
0.120397
0.120397
0.120397
0.120397
0.120397
0.120397
0.120397
0.120397
0.120397
0.120397
0.120397
0.120397
0.120397
0.120397
0.120397
0.120397
0.120397
0.120397
0.120397
0.120428
0.120428
0.120428
0.120428
0.120428
0.120428
0.120428
0.120428
0.120428
0.120428
0.120428
0.120428
0.120428
0.120428
0.120428
0.120428
0.120428
0.120428
0.120428
0.120428
0.120428
0.120428
0.120428
0.120428
0.120428
0.120428
0.120428
0.120456
0.120456
0.120456
0.120456
0.120456
0.120456
0.120456
0.120456
0.120456
0.120456
0.120456
0.120456
0.120456
0.120456
0.120456
0.120456
0.120456
0.120456
0.120456
0.120456
0.120456
0.120456
0.120456
0.120456
0.120456
0.120456
0.120481
0.120481
0.120481
0.120481
0.120481
0.120481
0.120481
0.120481
0.120481
0.120481
0.120481
0.120481
0.120481
0.120481
0.120481
0.120481
0.120481
0.120481
0.120481
0.120481
0.120481
0.120481
0.120481
0.120481
0.120481
0.120481
0.120504
0.120504
0.120504
0.120504
0.120504
0.120504
0.120504
0.120504
0.120504
0.120504
0.120504
0.120504
0.120504
0.120504
0.120504
0.120504
0.120504
0.120504
0.120504
0.120504
0.120504
0.120504
0.120504
0.120504
0.120504
0.120504
0.120526
0.120526
0.120526
0.120526
0.120526
0.120526
0.120526
0.120526
0.120526
0.120526
0.120526
0.120526
0.120526
0.120526
0.120526
0.120526
0.120526
0.120526
0.120526
0.120526
0.120536
0.120536
0.120536
0.120536
0.120536
0.120536
0.120536
0.120536
0.120536
0.120536
0.120536
0.120536
0.120536
0.120545
0.120545
0.120545
0.120545
0.120545
0.120545
0.120545
0.120545
0.120545
0.120545
0.120545
0.120545
0.120545
0.120554
0.120554
0.120554
0.120554
0.120554
0.120554
0.120554
0.120554
0.120554
0.120554
0.120554
0.120554
0.120554
0.120563
0.120563
0.120563
0.120563
0.120563
0.120563
0.120563
0.120563
0.120563
0.120563
0.120563
0.120563
0.120563
0.120571
0.120571
0.120571
0.120571
0.120571
0.120571
0.120571
0.120571
0.120571
0.120571
0.120571
0.120577
0.120577
0.120577
0.120577
0.120577
0.120577
0.120577
0.120577
0.120577
0.12058
0.12058
0.12058
0.12058
0.12058
0.12058
0.120582
0.120582
0.120582
0.120582
0.120582
0.120582
0.120583
0.120583
0.120583
0.120583
0.120583
0.120583
0.120583
0.120583
0.120583
)
;

boundaryField
{
    inletBoundary
    {
        type            fixedValue;
        value           uniform 0;
    }
    outletBoundary
    {
        type            zeroGradient;
    }
    frontAndBack
    {
        type            empty;
    }
}


// ************************************************************************* //
