/*--------------------------------*- C++ -*----------------------------------*\
  =========                 |
  \\      /  F ield         | OpenFOAM: The Open Source CFD Toolbox
   \\    /   O peration     | Website:  https://openfoam.org
    \\  /    A nd           | Version:  8
     \\/     M anipulation  |
\*---------------------------------------------------------------------------*/
FoamFile
{
    version     2.0;
    format      ascii;
    class       volScalarField;
    location    "0";
    object      N2;
}
// * * * * * * * * * * * * * * * * * * * * * * * * * * * * * * * * * * * * * //

dimensions      [0 0 0 0 0 0 0];

internalField   nonuniform List<scalar> 
1400
(
0.724672
0.724672
0.724672
0.724672
0.724672
0.724672
0.724672
0.724672
0.724672
0.724672
0.724672
0.724672
0.724672
0.724672
0.724672
0.724672
0.724672
0.724672
0.724672
0.724672
0.724672
0.724672
0.724672
0.724672
0.724672
0.724672
0.724672
0.724672
0.724672
0.724672
0.724672
0.724672
0.724672
0.724672
0.724672
0.724672
0.724672
0.724672
0.724672
0.724672
0.724672
0.724672
0.724672
0.724672
0.724672
0.724672
0.724672
0.724672
0.724672
0.724672
0.724672
0.724672
0.724672
0.724672
0.724672
0.724672
0.724672
0.724672
0.724672
0.724672
0.724672
0.724672
0.724672
0.724672
0.724672
0.724672
0.724672
0.724672
0.724672
0.724672
0.724672
0.724672
0.724672
0.724672
0.724672
0.724672
0.724672
0.724672
0.724672
0.724672
0.724672
0.724672
0.724672
0.724672
0.724672
0.724672
0.724672
0.724672
0.724672
0.724672
0.724672
0.724672
0.724672
0.724672
0.724672
0.724672
0.724672
0.724672
0.724672
0.724672
0.724672
0.724672
0.724672
0.724672
0.724672
0.724672
0.724672
0.724672
0.724672
0.724672
0.724672
0.724672
0.724672
0.724672
0.724672
0.724672
0.724672
0.724672
0.724672
0.724672
0.724672
0.724672
0.724672
0.724672
0.724672
0.724672
0.724672
0.724672
0.724672
0.724672
0.724672
0.724672
0.724672
0.724672
0.724672
0.724672
0.724672
0.724672
0.724672
0.724672
0.724672
0.724672
0.724672
0.724672
0.724672
0.724672
0.724672
0.724672
0.724672
0.724672
0.724672
0.724672
0.724672
0.724672
0.724672
0.724672
0.724672
0.724672
0.724672
0.724672
0.724672
0.724672
0.724672
0.724672
0.724672
0.724672
0.724672
0.724672
0.724672
0.724672
0.724672
0.724672
0.724672
0.724672
0.724672
0.724672
0.724672
0.724672
0.724672
0.724672
0.724672
0.724672
0.724672
0.724672
0.724672
0.724672
0.724672
0.724672
0.724672
0.724672
0.724672
0.724672
0.724672
0.724672
0.724672
0.724672
0.724672
0.724672
0.724672
0.724672
0.724672
0.724672
0.724672
0.724672
0.724672
0.724672
0.724672
0.724672
0.724672
0.724672
0.724672
0.724672
0.724672
0.724672
0.724672
0.724672
0.724672
0.724672
0.724672
0.724672
0.724672
0.724672
0.724672
0.724672
0.724672
0.724672
0.724672
0.724672
0.724672
0.724672
0.724672
0.724672
0.724672
0.724672
0.724672
0.724672
0.724672
0.724672
0.724672
0.724672
0.724672
0.724672
0.724672
0.724672
0.724672
0.724672
0.724672
0.724672
0.724672
0.724672
0.724672
0.724672
0.724672
0.724672
0.724672
0.724672
0.724672
0.724672
0.724672
0.724672
0.724672
0.724672
0.724672
0.724672
0.724672
0.724672
0.724672
0.724672
0.724672
0.724672
0.724672
0.724672
0.724672
0.724672
0.724672
0.724672
0.724672
0.724672
0.724672
0.724672
0.724672
0.724672
0.724672
0.724672
0.724672
0.724672
0.724672
0.724672
0.724672
0.724672
0.724672
0.724672
0.724672
0.724672
0.724672
0.724672
0.724672
0.724672
0.724672
0.724672
0.724672
0.724672
0.724672
0.724672
0.724672
0.724672
0.724672
0.724672
0.724672
0.724672
0.724672
0.724672
0.724672
0.724672
0.724672
0.724672
0.724672
0.724672
0.724672
0.724672
0.724672
0.724672
0.724672
0.724672
0.724672
0.724672
0.724672
0.724672
0.724672
0.724672
0.724672
0.724672
0.724672
0.724672
0.724672
0.724672
0.724672
0.724672
0.724672
0.724672
0.724672
0.724672
0.724672
0.724672
0.724672
0.724672
0.724672
0.724672
0.724672
0.724672
0.724672
0.724672
0.724672
0.724672
0.724672
0.724672
0.724672
0.724672
0.724672
0.724672
0.724672
0.724672
0.724672
0.724672
0.724672
0.724672
0.724672
0.724672
0.724672
0.724672
0.724672
0.724672
0.724672
0.724672
0.724672
0.724672
0.724672
0.724672
0.724672
0.724672
0.724672
0.724672
0.724672
0.724672
0.724672
0.724672
0.724672
0.724672
0.724672
0.724672
0.724672
0.724672
0.724672
0.724672
0.724672
0.724672
0.724672
0.724672
0.724672
0.724672
0.724672
0.724672
0.724672
0.724672
0.724672
0.724672
0.724672
0.724672
0.724672
0.724672
0.724672
0.724672
0.724672
0.724672
0.724672
0.724672
0.724672
0.724672
0.724672
0.724672
0.724672
0.724671
0.724671
0.724671
0.724671
0.724671
0.724671
0.724671
0.724671
0.724671
0.724671
0.724671
0.724671
0.724671
0.72467
0.72467
0.72467
0.72467
0.72467
0.72467
0.72467
0.72467
0.72467
0.72467
0.724668
0.724668
0.724668
0.724668
0.724668
0.724668
0.724666
0.724666
0.724666
0.724666
0.724666
0.724666
0.724666
0.724662
0.724662
0.724662
0.724662
0.724662
0.724662
0.724656
0.724656
0.724656
0.724656
0.724656
0.724656
0.724646
0.724646
0.724646
0.724646
0.724646
0.724646
0.724631
0.724631
0.724631
0.724631
0.724631
0.724619
0.724619
0.724619
0.724603
0.724603
0.724593
0.724581
0.724581
0.724566
0.724548
0.724537
0.724525
0.724496
0.724478
0.724458
0.724407
0.724375
0.724338
0.724244
0.724185
0.724075
0.723935
0.723759
0.723582
0.723374
0.723086
0.722821
0.722483
0.722173
0.721881
0.721651
0.721444
0.721323
0.721289
0.721354
0.721526
0.721777
0.722161
0.722654
0.72321
0.723861
0.724504
0.725161
0.725723
0.726218
0.726577
0.726832
0.726963
0.726999
0.726957
0.726855
0.726715
0.726573
0.72641
0.726248
0.726096
0.725954
0.72585
0.72571
0.725627
0.725516
0.725451
0.725366
0.725317
0.725272
0.725232
0.725163
0.725134
0.725108
0.725085
0.725044
0.725027
0.725012
0.724998
0.724985
0.724963
0.724954
0.724945
0.724931
0.724931
0.724918
0.724918
0.724908
0.724899
0.724899
0.724891
0.724884
0.724884
0.724877
0.724877
0.724871
0.724866
0.724866
0.724861
0.724861
0.724857
0.724853
0.724853
0.724849
0.724849
0.724845
0.724841
0.724841
0.724838
0.724838
0.724834
0.724831
0.724831
0.724828
0.724828
0.724822
0.724822
0.724822
0.724822
0.724816
0.724816
0.724816
0.724811
0.724811
0.724811
0.724806
0.724806
0.724806
0.7248
0.7248
0.7248
0.7248
0.724796
0.724796
0.724796
0.724791
0.724791
0.724791
0.724786
0.724786
0.724786
0.724786
0.724782
0.724782
0.724782
0.724778
0.724778
0.724778
0.724774
0.724774
0.724774
0.724774
0.724774
0.724766
0.724766
0.724766
0.724766
0.724766
0.724766
0.724766
0.724759
0.724759
0.724759
0.724759
0.724759
0.724759
0.724753
0.724753
0.724753
0.724753
0.724753
0.724753
0.724753
0.724746
0.724746
0.724746
0.724746
0.724746
0.724746
0.724741
0.724741
0.724741
0.724741
0.724741
0.724741
0.724741
0.724735
0.724735
0.724735
0.724735
0.724735
0.724735
0.72473
0.72473
0.72473
0.72473
0.72473
0.72473
0.72473
0.72473
0.72473
0.72473
0.724721
0.724721
0.724721
0.724721
0.724721
0.724721
0.724721
0.724721
0.724721
0.724721
0.724721
0.724721
0.724721
0.724714
0.724714
0.724714
0.724714
0.724714
0.724714
0.724714
0.724714
0.724714
0.724714
0.724714
0.724714
0.724714
0.724707
0.724707
0.724707
0.724707
0.724707
0.724707
0.724707
0.724707
0.724707
0.724707
0.724707
0.724707
0.724707
0.724707
0.7247
0.7247
0.7247
0.7247
0.7247
0.7247
0.7247
0.7247
0.7247
0.7247
0.7247
0.7247
0.7247
0.724695
0.724695
0.724695
0.724695
0.724695
0.724695
0.724695
0.724695
0.724695
0.724695
0.724695
0.724695
0.724695
0.72469
0.72469
0.72469
0.72469
0.72469
0.72469
0.72469
0.72469
0.72469
0.72469
0.72469
0.72469
0.72469
0.724685
0.724685
0.724685
0.724685
0.724685
0.724685
0.724685
0.724685
0.724685
0.724685
0.724685
0.724685
0.724685
0.72468
0.72468
0.72468
0.72468
0.72468
0.72468
0.72468
0.72468
0.72468
0.72468
0.72468
0.72468
0.72468
0.724676
0.724676
0.724676
0.724676
0.724676
0.724676
0.724676
0.724676
0.724676
0.724676
0.724676
0.724676
0.724676
0.724673
0.724673
0.724673
0.724673
0.724673
0.724673
0.724673
0.724673
0.724673
0.724673
0.724673
0.724673
0.724673
0.724669
0.724669
0.724669
0.724669
0.724669
0.724669
0.724669
0.724669
0.724669
0.724669
0.724669
0.724669
0.724669
0.724669
0.724666
0.724666
0.724666
0.724666
0.724666
0.724666
0.724666
0.724666
0.724666
0.724666
0.724666
0.724666
0.724666
0.724663
0.724663
0.724663
0.724663
0.724663
0.724663
0.724663
0.724663
0.724663
0.724663
0.724663
0.724663
0.724663
0.724661
0.724661
0.724661
0.724661
0.724661
0.724661
0.724661
0.724661
0.724661
0.724661
0.724661
0.724661
0.724661
0.724658
0.724658
0.724658
0.724658
0.724658
0.724658
0.724658
0.724658
0.724658
0.724658
0.724658
0.724658
0.724658
0.724656
0.724656
0.724656
0.724656
0.724656
0.724656
0.724656
0.724656
0.724656
0.724656
0.724656
0.724656
0.724656
0.724653
0.724653
0.724653
0.724653
0.724653
0.724653
0.724653
0.724653
0.724653
0.724653
0.724653
0.724653
0.724653
0.724651
0.724651
0.724651
0.724651
0.724651
0.724651
0.724651
0.724651
0.724651
0.724651
0.724651
0.724651
0.724651
0.724649
0.724649
0.724649
0.724649
0.724649
0.724649
0.724649
0.724649
0.724649
0.724649
0.724649
0.724649
0.724649
0.724647
0.724647
0.724647
0.724647
0.724647
0.724647
0.724647
0.724647
0.724647
0.724647
0.724647
0.724647
0.724647
0.724647
0.724646
0.724646
0.724646
0.724646
0.724646
0.724646
0.724646
0.724646
0.724646
0.724646
0.724646
0.724646
0.724646
0.724644
0.724644
0.724644
0.724644
0.724644
0.724644
0.724644
0.724644
0.724644
0.724644
0.724644
0.724644
0.724644
0.724642
0.724642
0.724642
0.724642
0.724642
0.724642
0.724642
0.724642
0.724642
0.724642
0.724642
0.724642
0.724642
0.724641
0.724641
0.724641
0.724641
0.724641
0.724641
0.724641
0.724641
0.724641
0.724641
0.724641
0.724641
0.724641
0.724639
0.724639
0.724639
0.724639
0.724639
0.724639
0.724639
0.724639
0.724639
0.724639
0.724639
0.724639
0.724639
0.724638
0.724638
0.724638
0.724638
0.724638
0.724638
0.724638
0.724638
0.724638
0.724638
0.724638
0.724638
0.724638
0.724638
0.724638
0.724638
0.724638
0.724638
0.724638
0.724638
0.724635
0.724635
0.724635
0.724635
0.724635
0.724635
0.724635
0.724635
0.724635
0.724635
0.724635
0.724635
0.724635
0.724635
0.724635
0.724635
0.724635
0.724635
0.724635
0.724635
0.724635
0.724635
0.724635
0.724635
0.724635
0.724635
0.724633
0.724633
0.724633
0.724633
0.724633
0.724633
0.724633
0.724633
0.724633
0.724633
0.724633
0.724633
0.724633
0.724633
0.724633
0.724633
0.724633
0.724633
0.724633
0.724633
0.724633
0.724633
0.724633
0.724633
0.724633
0.724633
0.724631
0.724631
0.724631
0.724631
0.724631
0.724631
0.724631
0.724631
0.724631
0.724631
0.724631
0.724631
0.724631
0.724631
0.724631
0.724631
0.724631
0.724631
0.724631
0.724631
0.724631
0.724631
0.724631
0.724631
0.724631
0.724631
0.724631
0.724628
0.724628
0.724628
0.724628
0.724628
0.724628
0.724628
0.724628
0.724628
0.724628
0.724628
0.724628
0.724628
0.724628
0.724628
0.724628
0.724628
0.724628
0.724628
0.724628
0.724628
0.724628
0.724628
0.724628
0.724628
0.724628
0.724626
0.724626
0.724626
0.724626
0.724626
0.724626
0.724626
0.724626
0.724626
0.724626
0.724626
0.724626
0.724626
0.724626
0.724626
0.724626
0.724626
0.724626
0.724626
0.724626
0.724626
0.724626
0.724626
0.724626
0.724626
0.724626
0.724625
0.724625
0.724625
0.724625
0.724625
0.724625
0.724625
0.724625
0.724625
0.724625
0.724625
0.724625
0.724625
0.724625
0.724625
0.724625
0.724625
0.724625
0.724625
0.724625
0.724625
0.724625
0.724625
0.724625
0.724625
0.724625
0.724623
0.724623
0.724623
0.724623
0.724623
0.724623
0.724623
0.724623
0.724623
0.724623
0.724623
0.724623
0.724623
0.724623
0.724623
0.724623
0.724623
0.724623
0.724623
0.724623
0.724623
0.724623
0.724623
0.724623
0.724623
0.724623
0.724623
0.724621
0.724621
0.724621
0.724621
0.724621
0.724621
0.724621
0.724621
0.724621
0.724621
0.724621
0.724621
0.724621
0.724621
0.724621
0.724621
0.724621
0.724621
0.724621
0.724621
0.724621
0.724621
0.724621
0.724621
0.724621
0.724621
0.72462
0.72462
0.72462
0.72462
0.72462
0.72462
0.72462
0.72462
0.72462
0.72462
0.72462
0.72462
0.72462
0.72462
0.72462
0.72462
0.72462
0.72462
0.72462
0.72462
0.72462
0.72462
0.72462
0.72462
0.72462
0.72462
0.724618
0.724618
0.724618
0.724618
0.724618
0.724618
0.724618
0.724618
0.724618
0.724618
0.724618
0.724618
0.724618
0.724618
0.724618
0.724618
0.724618
0.724618
0.724618
0.724618
0.724618
0.724618
0.724618
0.724618
0.724618
0.724618
0.724616
0.724616
0.724616
0.724616
0.724616
0.724616
0.724616
0.724616
0.724616
0.724616
0.724616
0.724616
0.724616
0.724616
0.724616
0.724616
0.724616
0.724616
0.724616
0.724616
0.724615
0.724615
0.724615
0.724615
0.724615
0.724615
0.724615
0.724615
0.724615
0.724615
0.724615
0.724615
0.724615
0.724615
0.724615
0.724615
0.724615
0.724615
0.724615
0.724615
0.724615
0.724615
0.724615
0.724615
0.724615
0.724615
0.724614
0.724614
0.724614
0.724614
0.724614
0.724614
0.724614
0.724614
0.724614
0.724614
0.724614
0.724614
0.724614
0.724612
0.724612
0.724612
0.724612
0.724612
0.724612
0.724612
0.724612
0.724612
0.724612
0.724612
0.724612
0.724612
0.724611
0.724611
0.724611
0.724611
0.724611
0.724611
0.724611
0.724611
0.724611
0.724611
0.724611
0.72461
0.72461
0.72461
0.72461
0.72461
0.72461
0.72461
0.72461
0.72461
0.72461
0.72461
0.72461
0.72461
0.72461
0.72461
0.724609
0.724609
0.724609
0.724609
0.724609
0.724609
0.724609
0.724609
0.724609
0.724609
0.724609
0.724609
0.724609
0.724609
0.724609
)
;

boundaryField
{
    inletBoundary
    {
        type            fixedValue;
        value           uniform 0.72467;
    }
    outletBoundary
    {
        type            zeroGradient;
    }
    frontAndBack
    {
        type            empty;
    }
}


// ************************************************************************* //
