/*--------------------------------*- C++ -*----------------------------------*\
  =========                 |
  \\      /  F ield         | OpenFOAM: The Open Source CFD Toolbox
   \\    /   O peration     | Website:  https://openfoam.org
    \\  /    A nd           | Version:  8
     \\/     M anipulation  |
\*---------------------------------------------------------------------------*/
FoamFile
{
    version     2.0;
    format      ascii;
    class       volScalarField;
    location    "0";
    object      O2;
}
// * * * * * * * * * * * * * * * * * * * * * * * * * * * * * * * * * * * * * //

dimensions      [0 0 0 0 0 0 0];

internalField   nonuniform List<scalar> 
1400
(
0.220141
0.220141
0.220141
0.220141
0.220141
0.220141
0.220141
0.220141
0.220141
0.220141
0.220141
0.220141
0.220141
0.220141
0.220141
0.220141
0.220141
0.220141
0.220141
0.220141
0.220141
0.220141
0.220141
0.220141
0.220141
0.220141
0.220141
0.220141
0.220141
0.220141
0.220141
0.220141
0.220141
0.220141
0.220141
0.220141
0.220141
0.220141
0.220141
0.220141
0.220141
0.220141
0.220141
0.220141
0.220141
0.220141
0.220141
0.220141
0.220141
0.220141
0.220141
0.220141
0.220141
0.220141
0.220141
0.220141
0.220141
0.220141
0.220141
0.220141
0.220141
0.220141
0.220141
0.220141
0.220141
0.220141
0.220141
0.220141
0.220141
0.220141
0.220141
0.220141
0.220141
0.220141
0.220141
0.220141
0.220141
0.220141
0.220141
0.220141
0.220141
0.220141
0.220141
0.220141
0.220141
0.220141
0.220141
0.220141
0.220141
0.220141
0.220141
0.220141
0.220141
0.220141
0.220141
0.220141
0.220141
0.220141
0.220141
0.220141
0.220141
0.220141
0.220141
0.220141
0.220141
0.220141
0.220141
0.220141
0.220141
0.220141
0.220141
0.220141
0.220141
0.220141
0.220141
0.220141
0.220141
0.220141
0.220141
0.220141
0.220141
0.220141
0.220141
0.220141
0.220141
0.220141
0.220141
0.220141
0.220141
0.220141
0.220141
0.220141
0.220141
0.220141
0.220141
0.220141
0.220141
0.220141
0.220141
0.220141
0.220141
0.220141
0.220141
0.220141
0.220141
0.220141
0.220141
0.220141
0.220141
0.220141
0.220141
0.220141
0.220141
0.220141
0.220141
0.220141
0.220141
0.220141
0.220141
0.220141
0.220141
0.220141
0.220141
0.220141
0.220141
0.220141
0.220141
0.220141
0.220141
0.220141
0.220141
0.220141
0.220141
0.220141
0.220141
0.220141
0.220141
0.220141
0.220141
0.220141
0.220141
0.220141
0.220141
0.220141
0.220141
0.220141
0.220141
0.220141
0.220141
0.220141
0.220141
0.220141
0.220141
0.220141
0.220141
0.220141
0.220141
0.220141
0.220141
0.220141
0.220141
0.220141
0.220141
0.220141
0.220141
0.220141
0.220141
0.220141
0.220141
0.220141
0.220141
0.220141
0.220141
0.220141
0.220141
0.220141
0.220141
0.220141
0.220141
0.220141
0.220141
0.220141
0.220141
0.220141
0.220141
0.220141
0.220141
0.220141
0.220141
0.220141
0.220141
0.220141
0.220141
0.220141
0.220141
0.220141
0.220141
0.220141
0.220141
0.220141
0.220141
0.220141
0.220141
0.220141
0.220141
0.220141
0.220141
0.220141
0.220141
0.220141
0.220141
0.220141
0.220141
0.220141
0.220141
0.220141
0.220141
0.220141
0.220141
0.220141
0.220141
0.220141
0.220141
0.220141
0.220141
0.220141
0.220141
0.220141
0.220141
0.220141
0.220141
0.220141
0.220141
0.220141
0.220141
0.220141
0.220141
0.220141
0.220141
0.220141
0.220141
0.220141
0.220141
0.220141
0.220141
0.220141
0.220141
0.220141
0.220141
0.220141
0.220141
0.220141
0.220141
0.220141
0.220141
0.220141
0.220141
0.220141
0.220141
0.220141
0.220141
0.220141
0.220141
0.220141
0.220141
0.220141
0.220141
0.220141
0.220141
0.220141
0.220141
0.220141
0.220141
0.220141
0.220141
0.220141
0.220141
0.220141
0.220141
0.220141
0.220141
0.220141
0.220141
0.220141
0.220141
0.220141
0.220141
0.220141
0.220141
0.220141
0.220141
0.220141
0.220141
0.220141
0.220141
0.220141
0.220141
0.220141
0.220141
0.220141
0.220141
0.220141
0.220141
0.220141
0.220141
0.220141
0.220141
0.220141
0.220141
0.220141
0.220141
0.220141
0.220141
0.220141
0.220141
0.220141
0.220141
0.220141
0.220141
0.220141
0.220141
0.220141
0.220141
0.220141
0.220141
0.220141
0.220141
0.220141
0.220141
0.220141
0.220141
0.220141
0.220141
0.220141
0.220141
0.220141
0.220141
0.220141
0.220141
0.220141
0.220141
0.220141
0.220141
0.220141
0.220141
0.220141
0.220141
0.220141
0.220141
0.220141
0.220141
0.220141
0.220141
0.220141
0.220141
0.220141
0.220141
0.220141
0.220141
0.220141
0.220141
0.220141
0.220141
0.220141
0.220141
0.220141
0.220141
0.220141
0.220141
0.220141
0.220141
0.220141
0.220141
0.220141
0.220141
0.220141
0.220141
0.220141
0.220141
0.220141
0.220141
0.220141
0.220141
0.220141
0.220141
0.220141
0.220141
0.220141
0.220141
0.220141
0.220141
0.220141
0.220141
0.220141
0.220141
0.220141
0.220141
0.220141
0.220141
0.220141
0.220141
0.220141
0.220141
0.220141
0.22014
0.22014
0.22014
0.22014
0.22014
0.22014
0.22014
0.22014
0.22014
0.22014
0.22014
0.22014
0.22014
0.220138
0.220138
0.220138
0.220138
0.220138
0.220138
0.220137
0.220137
0.220137
0.220137
0.220137
0.220137
0.220134
0.220134
0.220134
0.220134
0.220134
0.220134
0.220128
0.220128
0.220128
0.220128
0.220128
0.220123
0.220123
0.220123
0.220116
0.220116
0.22011
0.220102
0.220102
0.220091
0.220074
0.220063
0.220049
0.22001
0.219983
0.21995
0.219853
0.219785
0.219698
0.219451
0.219276
0.218921
0.218413
0.217694
0.21688
0.21581
0.214107
0.212268
0.209454
0.206206
0.202247
0.197983
0.192256
0.185908
0.178795
0.170555
0.161414
0.152433
0.14166
0.130145
0.118702
0.106391
0.0947666
0.0830042
0.0726468
0.0629225
0.0549808
0.0480287
0.0426831
0.0384139
0.0348833
0.032137
0.0299941
0.0284594
0.0270864
0.0259779
0.0250685
0.0243111
0.0237896
0.0231163
0.0227254
0.0222073
0.0218989
0.0214818
0.0212284
0.0209915
0.020769
0.0203604
0.0201716
0.0199916
0.0198195
0.0194963
0.0193437
0.0191966
0.0190545
0.0189169
0.018654
0.0185281
0.0184057
0.0181705
0.0181705
0.0179461
0.0179461
0.0177314
0.0175254
0.0175254
0.0173273
0.0171364
0.0171364
0.0169521
0.0169521
0.016774
0.0166016
0.0166016
0.0164346
0.0164346
0.0162725
0.0161153
0.0161153
0.0159625
0.0159625
0.0158139
0.0156695
0.0156695
0.0155289
0.0155289
0.0153921
0.0152588
0.0152588
0.015129
0.015129
0.0148794
0.0148794
0.0148794
0.0148794
0.0146415
0.0146415
0.0146415
0.0144143
0.0144143
0.0144143
0.0141971
0.0141971
0.0141971
0.0139892
0.0139892
0.0139892
0.0139892
0.0137901
0.0137901
0.0137901
0.0135992
0.0135992
0.0135992
0.0134161
0.0134161
0.0134161
0.0134161
0.0132403
0.0132403
0.0132403
0.0130715
0.0130715
0.0130715
0.0129094
0.0129094
0.0129094
0.0129094
0.0129094
0.0126048
0.0126048
0.0126048
0.0126048
0.0126048
0.0126048
0.0126048
0.012321
0.012321
0.012321
0.012321
0.012321
0.012321
0.0120562
0.0120562
0.0120562
0.0120562
0.0120562
0.0120562
0.0120562
0.0118085
0.0118085
0.0118085
0.0118085
0.0118085
0.0118085
0.0115765
0.0115765
0.0115765
0.0115765
0.0115765
0.0115765
0.0115765
0.0113589
0.0113589
0.0113589
0.0113589
0.0113589
0.0113589
0.0111548
0.0111548
0.0111548
0.0111548
0.0111548
0.0111548
0.0111548
0.0111548
0.0111548
0.0111548
0.0107858
0.0107858
0.0107858
0.0107858
0.0107858
0.0107858
0.0107858
0.0107858
0.0107858
0.0107858
0.0107858
0.0107858
0.0107858
0.0104547
0.0104547
0.0104547
0.0104547
0.0104547
0.0104547
0.0104547
0.0104547
0.0104547
0.0104547
0.0104547
0.0104547
0.0104547
0.0101561
0.0101561
0.0101561
0.0101561
0.0101561
0.0101561
0.0101561
0.0101561
0.0101561
0.0101561
0.0101561
0.0101561
0.0101561
0.0101561
0.00988562
0.00988562
0.00988562
0.00988562
0.00988562
0.00988562
0.00988562
0.00988562
0.00988562
0.00988562
0.00988562
0.00988562
0.00988562
0.00963968
0.00963968
0.00963968
0.00963968
0.00963968
0.00963968
0.00963968
0.00963968
0.00963968
0.00963968
0.00963968
0.00963968
0.00963968
0.00941524
0.00941524
0.00941524
0.00941524
0.00941524
0.00941524
0.00941524
0.00941524
0.00941524
0.00941524
0.00941524
0.00941524
0.00941524
0.00920975
0.00920975
0.00920975
0.00920975
0.00920975
0.00920975
0.00920975
0.00920975
0.00920975
0.00920975
0.00920975
0.00920975
0.00920975
0.00902105
0.00902105
0.00902105
0.00902105
0.00902105
0.00902105
0.00902105
0.00902105
0.00902105
0.00902105
0.00902105
0.00902105
0.00902105
0.00884731
0.00884731
0.00884731
0.00884731
0.00884731
0.00884731
0.00884731
0.00884731
0.00884731
0.00884731
0.00884731
0.00884731
0.00884731
0.00868695
0.00868695
0.00868695
0.00868695
0.00868695
0.00868695
0.00868695
0.00868695
0.00868695
0.00868695
0.00868695
0.00868695
0.00868695
0.0085386
0.0085386
0.0085386
0.0085386
0.0085386
0.0085386
0.0085386
0.0085386
0.0085386
0.0085386
0.0085386
0.0085386
0.0085386
0.0085386
0.00840109
0.00840109
0.00840109
0.00840109
0.00840109
0.00840109
0.00840109
0.00840109
0.00840109
0.00840109
0.00840109
0.00840109
0.00840109
0.00827337
0.00827337
0.00827337
0.00827337
0.00827337
0.00827337
0.00827337
0.00827337
0.00827337
0.00827337
0.00827337
0.00827337
0.00827337
0.00815455
0.00815455
0.00815455
0.00815455
0.00815455
0.00815455
0.00815455
0.00815455
0.00815455
0.00815455
0.00815455
0.00815455
0.00815455
0.00804383
0.00804383
0.00804383
0.00804383
0.00804383
0.00804383
0.00804383
0.00804383
0.00804383
0.00804383
0.00804383
0.00804383
0.00804383
0.00794049
0.00794049
0.00794049
0.00794049
0.00794049
0.00794049
0.00794049
0.00794049
0.00794049
0.00794049
0.00794049
0.00794049
0.00794049
0.00784392
0.00784392
0.00784392
0.00784392
0.00784392
0.00784392
0.00784392
0.00784392
0.00784392
0.00784392
0.00784392
0.00784392
0.00784392
0.00775354
0.00775354
0.00775354
0.00775354
0.00775354
0.00775354
0.00775354
0.00775354
0.00775354
0.00775354
0.00775354
0.00775354
0.00775354
0.00766887
0.00766887
0.00766887
0.00766887
0.00766887
0.00766887
0.00766887
0.00766887
0.00766887
0.00766887
0.00766887
0.00766887
0.00766887
0.00758945
0.00758945
0.00758945
0.00758945
0.00758945
0.00758945
0.00758945
0.00758945
0.00758945
0.00758945
0.00758945
0.00758945
0.00758945
0.00758945
0.00751488
0.00751488
0.00751488
0.00751488
0.00751488
0.00751488
0.00751488
0.00751488
0.00751488
0.00751488
0.00751488
0.00751488
0.00751488
0.0074448
0.0074448
0.0074448
0.0074448
0.0074448
0.0074448
0.0074448
0.0074448
0.0074448
0.0074448
0.0074448
0.0074448
0.0074448
0.00737889
0.00737889
0.00737889
0.00737889
0.00737889
0.00737889
0.00737889
0.00737889
0.00737889
0.00737889
0.00737889
0.00737889
0.00737889
0.00731687
0.00731687
0.00731687
0.00731687
0.00731687
0.00731687
0.00731687
0.00731687
0.00731687
0.00731687
0.00731687
0.00731687
0.00731687
0.00725852
0.00725852
0.00725852
0.00725852
0.00725852
0.00725852
0.00725852
0.00725852
0.00725852
0.00725852
0.00725852
0.00725852
0.00725852
0.0072037
0.0072037
0.0072037
0.0072037
0.0072037
0.0072037
0.0072037
0.0072037
0.0072037
0.0072037
0.0072037
0.0072037
0.0072037
0.0072037
0.0072037
0.0072037
0.0072037
0.0072037
0.0072037
0.0072037
0.00710478
0.00710478
0.00710478
0.00710478
0.00710478
0.00710478
0.00710478
0.00710478
0.00710478
0.00710478
0.00710478
0.00710478
0.00710478
0.00710478
0.00710478
0.00710478
0.00710478
0.00710478
0.00710478
0.00710478
0.00710478
0.00710478
0.00710478
0.00710478
0.00710478
0.00710478
0.00701615
0.00701615
0.00701615
0.00701615
0.00701615
0.00701615
0.00701615
0.00701615
0.00701615
0.00701615
0.00701615
0.00701615
0.00701615
0.00701615
0.00701615
0.00701615
0.00701615
0.00701615
0.00701615
0.00701615
0.00701615
0.00701615
0.00701615
0.00701615
0.00701615
0.00701615
0.00693658
0.00693658
0.00693658
0.00693658
0.00693658
0.00693658
0.00693658
0.00693658
0.00693658
0.00693658
0.00693658
0.00693658
0.00693658
0.00693658
0.00693658
0.00693658
0.00693658
0.00693658
0.00693658
0.00693658
0.00693658
0.00693658
0.00693658
0.00693658
0.00693658
0.00693658
0.00693658
0.006865
0.006865
0.006865
0.006865
0.006865
0.006865
0.006865
0.006865
0.006865
0.006865
0.006865
0.006865
0.006865
0.006865
0.006865
0.006865
0.006865
0.006865
0.006865
0.006865
0.006865
0.006865
0.006865
0.006865
0.006865
0.006865
0.00680049
0.00680049
0.00680049
0.00680049
0.00680049
0.00680049
0.00680049
0.00680049
0.00680049
0.00680049
0.00680049
0.00680049
0.00680049
0.00680049
0.00680049
0.00680049
0.00680049
0.00680049
0.00680049
0.00680049
0.00680049
0.00680049
0.00680049
0.00680049
0.00680049
0.00680049
0.00674227
0.00674227
0.00674227
0.00674227
0.00674227
0.00674227
0.00674227
0.00674227
0.00674227
0.00674227
0.00674227
0.00674227
0.00674227
0.00674227
0.00674227
0.00674227
0.00674227
0.00674227
0.00674227
0.00674227
0.00674227
0.00674227
0.00674227
0.00674227
0.00674227
0.00674227
0.00668964
0.00668964
0.00668964
0.00668964
0.00668964
0.00668964
0.00668964
0.00668964
0.00668964
0.00668964
0.00668964
0.00668964
0.00668964
0.00668964
0.00668964
0.00668964
0.00668964
0.00668964
0.00668964
0.00668964
0.00668964
0.00668964
0.00668964
0.00668964
0.00668964
0.00668964
0.00668964
0.006642
0.006642
0.006642
0.006642
0.006642
0.006642
0.006642
0.006642
0.006642
0.006642
0.006642
0.006642
0.006642
0.006642
0.006642
0.006642
0.006642
0.006642
0.006642
0.006642
0.006642
0.006642
0.006642
0.006642
0.006642
0.006642
0.00659881
0.00659881
0.00659881
0.00659881
0.00659881
0.00659881
0.00659881
0.00659881
0.00659881
0.00659881
0.00659881
0.00659881
0.00659881
0.00659881
0.00659881
0.00659881
0.00659881
0.00659881
0.00659881
0.00659881
0.00659881
0.00659881
0.00659881
0.00659881
0.00659881
0.00659881
0.00655959
0.00655959
0.00655959
0.00655959
0.00655959
0.00655959
0.00655959
0.00655959
0.00655959
0.00655959
0.00655959
0.00655959
0.00655959
0.00655959
0.00655959
0.00655959
0.00655959
0.00655959
0.00655959
0.00655959
0.00655959
0.00655959
0.00655959
0.00655959
0.00655959
0.00655959
0.00652381
0.00652381
0.00652381
0.00652381
0.00652381
0.00652381
0.00652381
0.00652381
0.00652381
0.00652381
0.00652381
0.00652381
0.00652381
0.00652381
0.00652381
0.00652381
0.00652381
0.00652381
0.00652381
0.00652381
0.00650693
0.00650693
0.00650693
0.00650693
0.00650693
0.00650693
0.00650693
0.00650693
0.00650693
0.00650693
0.00650693
0.00650693
0.00650693
0.00649091
0.00649091
0.00649091
0.00649091
0.00649091
0.00649091
0.00649091
0.00649091
0.00649091
0.00649091
0.00649091
0.00649091
0.00649091
0.00647573
0.00647573
0.00647573
0.00647573
0.00647573
0.00647573
0.00647573
0.00647573
0.00647573
0.00647573
0.00647573
0.00647573
0.00647573
0.00646149
0.00646149
0.00646149
0.00646149
0.00646149
0.00646149
0.00646149
0.00646149
0.00646149
0.00646149
0.00646149
0.00646149
0.00646149
0.0064498
0.0064498
0.0064498
0.0064498
0.0064498
0.0064498
0.0064498
0.0064498
0.0064498
0.0064498
0.0064498
0.00643946
0.00643946
0.00643946
0.00643946
0.00643946
0.00643946
0.00643946
0.00643946
0.00643946
0.00643511
0.00643511
0.00643511
0.00643511
0.00643511
0.00643511
0.00643168
0.00643168
0.00643168
0.00643168
0.00643168
0.00643168
0.00642961
0.00642961
0.00642961
0.00642961
0.00642961
0.00642961
0.00642961
0.00642961
0.00642961
)
;

boundaryField
{
    inletBoundary
    {
        type            fixedValue;
        value           uniform 0.22014;
    }
    outletBoundary
    {
        type            zeroGradient;
    }
    frontAndBack
    {
        type            empty;
    }
}


// ************************************************************************* //
