/*--------------------------------*- C++ -*----------------------------------*\
  =========                 |
  \\      /  F ield         | OpenFOAM: The Open Source CFD Toolbox
   \\    /   O peration     | Website:  https://openfoam.org
    \\  /    A nd           | Version:  8
     \\/     M anipulation  |
\*---------------------------------------------------------------------------*/
FoamFile
{
    version     2.0;
    format      ascii;
    class       volScalarField;
    location    "0";
    object      T;
}
// * * * * * * * * * * * * * * * * * * * * * * * * * * * * * * * * * * * * * //

dimensions      [0 0 0 1 0 0 0];

internalField   nonuniform List<scalar> 
1400
(
300
300
300
300
300
300
300
300
300
300
300
300
300
300
300
300
300
300
300
300
300
300
300
300
300
300
300
300
300
300
300
300
300
300
300
300
300
300
300
300
300
300
300
300
300
300
300
300
300
300
300
300
300
300
300
300
300
300
300
300
300
300
300
300
300
300
300
300
300
300
300
300
300
300
300
300
300
300
300
300
300
300
300
300
300
300
300
300
300
300
300
300
300
300
300
300
300
300
300
300
300
300
300
300
300
300
300
300
300
300
300
300
300
300
300
300
300
300
300
300
300
300
300
300
300
300
300
300
300
300
300
300
300
300
300
300
300
300
300
300
300
300
300
300
300
300
300
300
300
300
300
300
300
300
300
300
300
300
300
300
300
300
300
300
300
300
300
300
300
300
300
300
300
300
300
300
300
300
300
300
300
300
300
300
300
300
300
300
300
300
300
300
300
300
300
300
300
300
300
300
300
300
300
300
300
300
300
300
300
300
300
300
300
300
300
300
300
300
300
300
300
300
300
300
300
300
300
300
300
300
300
300
300
300
300
300
300
300
300
300
300
300
300
300
300
300
300
300
300
300
300
300
300
300
300
300
300
300
300
300
300
300
300
300
300
300
300
300
300
300
300
300
300
300
300
300
300
300
300
300
300
300
300
300
300
300
300
300
300
300
300
300
300
300
300
300
300
300
300
300
300
300
300
300
300
300
300
300
300
300
300
300
300
300
300
300
300
300
300
300
300
300
300
300
300
300
300
300
300
300
300
300
300
300
300
300
300
300
300
300
300
300
300
300
300
300
300
300
300
300
300
300
300
300
300
300
300
300
300
300
300
300
300
300
300
300
300
300
300
300
300
300
300
300
300
300
300
300
300
300
300
300
300
300
300
300
300
300
300
300
300
300
300
300
300
300
300
300
300
300
300
300
300
300
300
300
300
300
300
300
300
300
300
300
300
300
300
300
300
300
300
300
300
300
300
300
300
300
300
300
300
300
300
300
300
300
300
300
300
300
300
300
300
300
300
300
300
300
300
300
300.001
300.001
300.001
300.001
300.001
300.001
300.001
300.002
300.002
300.002
300.002
300.002
300.002
300.006
300.006
300.006
300.006
300.006
300.006
300.018
300.018
300.018
300.018
300.018
300.018
300.056
300.056
300.056
300.056
300.056
300.104
300.104
300.104
300.203
300.203
300.29
300.423
300.423
300.624
300.928
301.139
301.405
302.139
302.647
303.283
305.081
306.33
307.89
312.255
315.257
321.212
329.469
340.779
353.191
369.001
393.322
418.727
456.127
497.578
546.149
596.509
661.572
730.656
805.111
887.993
976.127
1059.18
1154.48
1251.32
1342.83
1436.19
1519.55
1599.03
1664.59
1721.76
1764.68
1798.97
1823.11
1841.19
1855.76
1867.43
1877.3
1885.2
1893.23
1900.67
1907.66
1914.27
1919.31
1926.52
1931.1
1937.68
1941.89
1947.94
1951.82
1955.58
1959.24
1966.24
1969.6
1972.87
1976.06
1982.19
1985.14
1988.03
1990.84
1993.59
1998.91
2001.48
2003.99
2008.85
2008.85
2013.52
2013.52
2018.01
2022.33
2022.33
2026.48
2030.49
2030.49
2034.35
2034.35
2038.08
2041.68
2041.68
2045.16
2045.16
2048.52
2051.78
2051.78
2054.94
2054.94
2057.99
2060.95
2060.95
2063.83
2063.83
2066.61
2069.31
2069.31
2071.94
2071.94
2076.95
2076.95
2076.95
2076.95
2081.7
2081.7
2081.7
2086.21
2086.21
2086.21
2090.48
2090.48
2090.48
2094.55
2094.55
2094.55
2094.55
2098.43
2098.43
2098.43
2102.12
2102.12
2102.12
2105.64
2105.64
2105.64
2105.64
2109
2109
2109
2112.22
2112.22
2112.22
2115.28
2115.28
2115.28
2115.28
2115.28
2121.01
2121.01
2121.01
2121.01
2121.01
2121.01
2121.01
2126.3
2126.3
2126.3
2126.3
2126.3
2126.3
2131.2
2131.2
2131.2
2131.2
2131.2
2131.2
2131.2
2135.75
2135.75
2135.75
2135.75
2135.75
2135.75
2139.98
2139.98
2139.98
2139.98
2139.98
2139.98
2139.98
2143.93
2143.93
2143.93
2143.93
2143.93
2143.93
2147.6
2147.6
2147.6
2147.6
2147.6
2147.6
2147.6
2147.6
2147.6
2147.6
2154.19
2154.19
2154.19
2154.19
2154.19
2154.19
2154.19
2154.19
2154.19
2154.19
2154.19
2154.19
2154.19
2160.05
2160.05
2160.05
2160.05
2160.05
2160.05
2160.05
2160.05
2160.05
2160.05
2160.05
2160.05
2160.05
2165.29
2165.29
2165.29
2165.29
2165.29
2165.29
2165.29
2165.29
2165.29
2165.29
2165.29
2165.29
2165.29
2165.29
2169.99
2169.99
2169.99
2169.99
2169.99
2169.99
2169.99
2169.99
2169.99
2169.99
2169.99
2169.99
2169.99
2174.25
2174.25
2174.25
2174.25
2174.25
2174.25
2174.25
2174.25
2174.25
2174.25
2174.25
2174.25
2174.25
2178.1
2178.1
2178.1
2178.1
2178.1
2178.1
2178.1
2178.1
2178.1
2178.1
2178.1
2178.1
2178.1
2181.61
2181.61
2181.61
2181.61
2181.61
2181.61
2181.61
2181.61
2181.61
2181.61
2181.61
2181.61
2181.61
2184.82
2184.82
2184.82
2184.82
2184.82
2184.82
2184.82
2184.82
2184.82
2184.82
2184.82
2184.82
2184.82
2187.76
2187.76
2187.76
2187.76
2187.76
2187.76
2187.76
2187.76
2187.76
2187.76
2187.76
2187.76
2187.76
2190.46
2190.46
2190.46
2190.46
2190.46
2190.46
2190.46
2190.46
2190.46
2190.46
2190.46
2190.46
2190.46
2192.95
2192.95
2192.95
2192.95
2192.95
2192.95
2192.95
2192.95
2192.95
2192.95
2192.95
2192.95
2192.95
2192.95
2195.24
2195.24
2195.24
2195.24
2195.24
2195.24
2195.24
2195.24
2195.24
2195.24
2195.24
2195.24
2195.24
2197.37
2197.37
2197.37
2197.37
2197.37
2197.37
2197.37
2197.37
2197.37
2197.37
2197.37
2197.37
2197.37
2199.34
2199.34
2199.34
2199.34
2199.34
2199.34
2199.34
2199.34
2199.34
2199.34
2199.34
2199.34
2199.34
2201.17
2201.17
2201.17
2201.17
2201.17
2201.17
2201.17
2201.17
2201.17
2201.17
2201.17
2201.17
2201.17
2202.87
2202.87
2202.87
2202.87
2202.87
2202.87
2202.87
2202.87
2202.87
2202.87
2202.87
2202.87
2202.87
2204.46
2204.46
2204.46
2204.46
2204.46
2204.46
2204.46
2204.46
2204.46
2204.46
2204.46
2204.46
2204.46
2205.94
2205.94
2205.94
2205.94
2205.94
2205.94
2205.94
2205.94
2205.94
2205.94
2205.94
2205.94
2205.94
2207.33
2207.33
2207.33
2207.33
2207.33
2207.33
2207.33
2207.33
2207.33
2207.33
2207.33
2207.33
2207.33
2208.62
2208.62
2208.62
2208.62
2208.62
2208.62
2208.62
2208.62
2208.62
2208.62
2208.62
2208.62
2208.62
2208.62
2209.83
2209.83
2209.83
2209.83
2209.83
2209.83
2209.83
2209.83
2209.83
2209.83
2209.83
2209.83
2209.83
2210.97
2210.97
2210.97
2210.97
2210.97
2210.97
2210.97
2210.97
2210.97
2210.97
2210.97
2210.97
2210.97
2212.04
2212.04
2212.04
2212.04
2212.04
2212.04
2212.04
2212.04
2212.04
2212.04
2212.04
2212.04
2212.04
2213.04
2213.04
2213.04
2213.04
2213.04
2213.04
2213.04
2213.04
2213.04
2213.04
2213.04
2213.04
2213.04
2213.98
2213.98
2213.98
2213.98
2213.98
2213.98
2213.98
2213.98
2213.98
2213.98
2213.98
2213.98
2213.98
2214.87
2214.87
2214.87
2214.87
2214.87
2214.87
2214.87
2214.87
2214.87
2214.87
2214.87
2214.87
2214.87
2214.87
2214.87
2214.87
2214.87
2214.87
2214.87
2214.87
2216.45
2216.45
2216.45
2216.45
2216.45
2216.45
2216.45
2216.45
2216.45
2216.45
2216.45
2216.45
2216.45
2216.45
2216.45
2216.45
2216.45
2216.45
2216.45
2216.45
2216.45
2216.45
2216.45
2216.45
2216.45
2216.45
2217.87
2217.87
2217.87
2217.87
2217.87
2217.87
2217.87
2217.87
2217.87
2217.87
2217.87
2217.87
2217.87
2217.87
2217.87
2217.87
2217.87
2217.87
2217.87
2217.87
2217.87
2217.87
2217.87
2217.87
2217.87
2217.87
2219.14
2219.14
2219.14
2219.14
2219.14
2219.14
2219.14
2219.14
2219.14
2219.14
2219.14
2219.14
2219.14
2219.14
2219.14
2219.14
2219.14
2219.14
2219.14
2219.14
2219.14
2219.14
2219.14
2219.14
2219.14
2219.14
2219.14
2220.27
2220.27
2220.27
2220.27
2220.27
2220.27
2220.27
2220.27
2220.27
2220.27
2220.27
2220.27
2220.27
2220.27
2220.27
2220.27
2220.27
2220.27
2220.27
2220.27
2220.27
2220.27
2220.27
2220.27
2220.27
2220.27
2221.29
2221.29
2221.29
2221.29
2221.29
2221.29
2221.29
2221.29
2221.29
2221.29
2221.29
2221.29
2221.29
2221.29
2221.29
2221.29
2221.29
2221.29
2221.29
2221.29
2221.29
2221.29
2221.29
2221.29
2221.29
2221.29
2222.21
2222.21
2222.21
2222.21
2222.21
2222.21
2222.21
2222.21
2222.21
2222.21
2222.21
2222.21
2222.21
2222.21
2222.21
2222.21
2222.21
2222.21
2222.21
2222.21
2222.21
2222.21
2222.21
2222.21
2222.21
2222.21
2223.04
2223.04
2223.04
2223.04
2223.04
2223.04
2223.04
2223.04
2223.04
2223.04
2223.04
2223.04
2223.04
2223.04
2223.04
2223.04
2223.04
2223.04
2223.04
2223.04
2223.04
2223.04
2223.04
2223.04
2223.04
2223.04
2223.04
2223.78
2223.78
2223.78
2223.78
2223.78
2223.78
2223.78
2223.78
2223.78
2223.78
2223.78
2223.78
2223.78
2223.78
2223.78
2223.78
2223.78
2223.78
2223.78
2223.78
2223.78
2223.78
2223.78
2223.78
2223.78
2223.78
2224.46
2224.46
2224.46
2224.46
2224.46
2224.46
2224.46
2224.46
2224.46
2224.46
2224.46
2224.46
2224.46
2224.46
2224.46
2224.46
2224.46
2224.46
2224.46
2224.46
2224.46
2224.46
2224.46
2224.46
2224.46
2224.46
2225.07
2225.07
2225.07
2225.07
2225.07
2225.07
2225.07
2225.07
2225.07
2225.07
2225.07
2225.07
2225.07
2225.07
2225.07
2225.07
2225.07
2225.07
2225.07
2225.07
2225.07
2225.07
2225.07
2225.07
2225.07
2225.07
2225.62
2225.62
2225.62
2225.62
2225.62
2225.62
2225.62
2225.62
2225.62
2225.62
2225.62
2225.62
2225.62
2225.62
2225.62
2225.62
2225.62
2225.62
2225.62
2225.62
2225.88
2225.88
2225.88
2225.88
2225.88
2225.88
2225.88
2225.88
2225.88
2225.88
2225.88
2225.88
2225.88
2226.13
2226.13
2226.13
2226.13
2226.13
2226.13
2226.13
2226.13
2226.13
2226.13
2226.13
2226.13
2226.13
2226.36
2226.36
2226.36
2226.36
2226.36
2226.36
2226.36
2226.36
2226.36
2226.36
2226.36
2226.36
2226.36
2226.58
2226.58
2226.58
2226.58
2226.58
2226.58
2226.58
2226.58
2226.58
2226.58
2226.58
2226.58
2226.58
2226.76
2226.76
2226.76
2226.76
2226.76
2226.76
2226.76
2226.76
2226.76
2226.76
2226.76
2226.92
2226.92
2226.92
2226.92
2226.92
2226.92
2226.92
2226.92
2226.92
2226.99
2226.99
2226.99
2226.99
2226.99
2226.99
2227.04
2227.04
2227.04
2227.04
2227.04
2227.04
2227.07
2227.07
2227.07
2227.07
2227.07
2227.07
2227.07
2227.07
2227.07
)
;

boundaryField
{
    inletBoundary
    {
        type            fixedValue;
        value           uniform 301;
    }
    outletBoundary
    {
        type            zeroGradient;
    }
    frontAndBack
    {
        type            empty;
    }
}


// ************************************************************************* //
