/*--------------------------------*- C++ -*----------------------------------*\
  =========                 |
  \\      /  F ield         | OpenFOAM: The Open Source CFD Toolbox
   \\    /   O peration     | Website:  https://openfoam.org
    \\  /    A nd           | Version:  8
     \\/     M anipulation  |
\*---------------------------------------------------------------------------*/
FoamFile
{
    version     2.0;
    format      ascii;
    class       volVectorField;
    location    "0";
    object      U;
}
// * * * * * * * * * * * * * * * * * * * * * * * * * * * * * * * * * * * * * //

dimensions      [0 1 -1 0 0 0 0];

internalField   nonuniform List<vector> 
1400
(
(0.376052 0 0)
(0.376052 0 0)
(0.376052 0 0)
(0.376052 0 0)
(0.376052 0 0)
(0.376052 0 0)
(0.376052 0 0)
(0.376052 0 0)
(0.376052 0 0)
(0.376052 0 0)
(0.376052 0 0)
(0.376052 0 0)
(0.376052 0 0)
(0.376052 0 0)
(0.376052 0 0)
(0.376052 0 0)
(0.376052 0 0)
(0.376052 0 0)
(0.376052 0 0)
(0.376052 0 0)
(0.376052 0 0)
(0.376052 0 0)
(0.376052 0 0)
(0.376052 0 0)
(0.376052 0 0)
(0.376052 0 0)
(0.376052 0 0)
(0.376052 0 0)
(0.376052 0 0)
(0.376052 0 0)
(0.376052 0 0)
(0.376052 0 0)
(0.376052 0 0)
(0.376052 0 0)
(0.376052 0 0)
(0.376052 0 0)
(0.376052 0 0)
(0.376052 0 0)
(0.376052 0 0)
(0.376052 0 0)
(0.376052 0 0)
(0.376052 0 0)
(0.376052 0 0)
(0.376052 0 0)
(0.376052 0 0)
(0.376052 0 0)
(0.376052 0 0)
(0.376052 0 0)
(0.376052 0 0)
(0.376052 0 0)
(0.376052 0 0)
(0.376052 0 0)
(0.376052 0 0)
(0.376052 0 0)
(0.376052 0 0)
(0.376052 0 0)
(0.376052 0 0)
(0.376052 0 0)
(0.376052 0 0)
(0.376052 0 0)
(0.376052 0 0)
(0.376052 0 0)
(0.376052 0 0)
(0.376052 0 0)
(0.376052 0 0)
(0.376052 0 0)
(0.376052 0 0)
(0.376052 0 0)
(0.376052 0 0)
(0.376052 0 0)
(0.376052 0 0)
(0.376052 0 0)
(0.376052 0 0)
(0.376052 0 0)
(0.376052 0 0)
(0.376052 0 0)
(0.376052 0 0)
(0.376052 0 0)
(0.376052 0 0)
(0.376052 0 0)
(0.376052 0 0)
(0.376052 0 0)
(0.376052 0 0)
(0.376052 0 0)
(0.376052 0 0)
(0.376052 0 0)
(0.376052 0 0)
(0.376052 0 0)
(0.376052 0 0)
(0.376052 0 0)
(0.376052 0 0)
(0.376052 0 0)
(0.376052 0 0)
(0.376052 0 0)
(0.376052 0 0)
(0.376052 0 0)
(0.376052 0 0)
(0.376052 0 0)
(0.376052 0 0)
(0.376052 0 0)
(0.376052 0 0)
(0.376052 0 0)
(0.376052 0 0)
(0.376052 0 0)
(0.376052 0 0)
(0.376052 0 0)
(0.376052 0 0)
(0.376052 0 0)
(0.376052 0 0)
(0.376052 0 0)
(0.376052 0 0)
(0.376052 0 0)
(0.376052 0 0)
(0.376052 0 0)
(0.376052 0 0)
(0.376052 0 0)
(0.376052 0 0)
(0.376052 0 0)
(0.376052 0 0)
(0.376052 0 0)
(0.376052 0 0)
(0.376052 0 0)
(0.376052 0 0)
(0.376052 0 0)
(0.376052 0 0)
(0.376052 0 0)
(0.376052 0 0)
(0.376052 0 0)
(0.376052 0 0)
(0.376052 0 0)
(0.376052 0 0)
(0.376052 0 0)
(0.376052 0 0)
(0.376052 0 0)
(0.376052 0 0)
(0.376052 0 0)
(0.376052 0 0)
(0.376052 0 0)
(0.376052 0 0)
(0.376052 0 0)
(0.376052 0 0)
(0.376052 0 0)
(0.376052 0 0)
(0.376052 0 0)
(0.376052 0 0)
(0.376052 0 0)
(0.376052 0 0)
(0.376052 0 0)
(0.376052 0 0)
(0.376052 0 0)
(0.376052 0 0)
(0.376052 0 0)
(0.376052 0 0)
(0.376052 0 0)
(0.376052 0 0)
(0.376052 0 0)
(0.376052 0 0)
(0.376052 0 0)
(0.376052 0 0)
(0.376052 0 0)
(0.376052 0 0)
(0.376052 0 0)
(0.376052 0 0)
(0.376052 0 0)
(0.376052 0 0)
(0.376052 0 0)
(0.376052 0 0)
(0.376052 0 0)
(0.376052 0 0)
(0.376052 0 0)
(0.376052 0 0)
(0.376052 0 0)
(0.376052 0 0)
(0.376052 0 0)
(0.376052 0 0)
(0.376052 0 0)
(0.376052 0 0)
(0.376052 0 0)
(0.376052 0 0)
(0.376052 0 0)
(0.376052 0 0)
(0.376052 0 0)
(0.376052 0 0)
(0.376052 0 0)
(0.376052 0 0)
(0.376052 0 0)
(0.376052 0 0)
(0.376052 0 0)
(0.376052 0 0)
(0.376052 0 0)
(0.376052 0 0)
(0.376052 0 0)
(0.376052 0 0)
(0.376052 0 0)
(0.376052 0 0)
(0.376052 0 0)
(0.376052 0 0)
(0.376052 0 0)
(0.376052 0 0)
(0.376052 0 0)
(0.376052 0 0)
(0.376052 0 0)
(0.376052 0 0)
(0.376052 0 0)
(0.376052 0 0)
(0.376052 0 0)
(0.376052 0 0)
(0.376052 0 0)
(0.376052 0 0)
(0.376052 0 0)
(0.376052 0 0)
(0.376052 0 0)
(0.376052 0 0)
(0.376052 0 0)
(0.376052 0 0)
(0.376052 0 0)
(0.376052 0 0)
(0.376052 0 0)
(0.376052 0 0)
(0.376052 0 0)
(0.376052 0 0)
(0.376052 0 0)
(0.376052 0 0)
(0.376052 0 0)
(0.376052 0 0)
(0.376052 0 0)
(0.376052 0 0)
(0.376052 0 0)
(0.376052 0 0)
(0.376052 0 0)
(0.376052 0 0)
(0.376052 0 0)
(0.376052 0 0)
(0.376052 0 0)
(0.376052 0 0)
(0.376052 0 0)
(0.376052 0 0)
(0.376052 0 0)
(0.376052 0 0)
(0.376052 0 0)
(0.376052 0 0)
(0.376052 0 0)
(0.376052 0 0)
(0.376052 0 0)
(0.376052 0 0)
(0.376052 0 0)
(0.376052 0 0)
(0.376052 0 0)
(0.376052 0 0)
(0.376052 0 0)
(0.376052 0 0)
(0.376052 0 0)
(0.376052 0 0)
(0.376052 0 0)
(0.376052 0 0)
(0.376052 0 0)
(0.376052 0 0)
(0.376052 0 0)
(0.376052 0 0)
(0.376052 0 0)
(0.376052 0 0)
(0.376052 0 0)
(0.376052 0 0)
(0.376052 0 0)
(0.376052 0 0)
(0.376052 0 0)
(0.376052 0 0)
(0.376052 0 0)
(0.376052 0 0)
(0.376052 0 0)
(0.376052 0 0)
(0.376052 0 0)
(0.376052 0 0)
(0.376052 0 0)
(0.376052 0 0)
(0.376052 0 0)
(0.376052 0 0)
(0.376052 0 0)
(0.376052 0 0)
(0.376052 0 0)
(0.376052 0 0)
(0.376052 0 0)
(0.376052 0 0)
(0.376052 0 0)
(0.376052 0 0)
(0.376052 0 0)
(0.376052 0 0)
(0.376052 0 0)
(0.376052 0 0)
(0.376052 0 0)
(0.376052 0 0)
(0.376052 0 0)
(0.376052 0 0)
(0.376052 0 0)
(0.376052 0 0)
(0.376052 0 0)
(0.376052 0 0)
(0.376052 0 0)
(0.376052 0 0)
(0.376052 0 0)
(0.376052 0 0)
(0.376052 0 0)
(0.376052 0 0)
(0.376052 0 0)
(0.376052 0 0)
(0.376052 0 0)
(0.376052 0 0)
(0.376052 0 0)
(0.376052 0 0)
(0.376052 0 0)
(0.376052 0 0)
(0.376052 0 0)
(0.376052 0 0)
(0.376052 0 0)
(0.376052 0 0)
(0.376052 0 0)
(0.376052 0 0)
(0.376052 0 0)
(0.376052 0 0)
(0.376052 0 0)
(0.376052 0 0)
(0.376052 0 0)
(0.376052 0 0)
(0.376052 0 0)
(0.376052 0 0)
(0.376052 0 0)
(0.376052 0 0)
(0.376052 0 0)
(0.376052 0 0)
(0.376052 0 0)
(0.376052 0 0)
(0.376052 0 0)
(0.376052 0 0)
(0.376052 0 0)
(0.376052 0 0)
(0.376052 0 0)
(0.376052 0 0)
(0.376052 0 0)
(0.376052 0 0)
(0.376052 0 0)
(0.376052 0 0)
(0.376052 0 0)
(0.376052 0 0)
(0.376052 0 0)
(0.376052 0 0)
(0.376052 0 0)
(0.376052 0 0)
(0.376052 0 0)
(0.376052 0 0)
(0.376052 0 0)
(0.376052 0 0)
(0.376052 0 0)
(0.376052 0 0)
(0.376052 0 0)
(0.376052 0 0)
(0.376052 0 0)
(0.376052 0 0)
(0.376052 0 0)
(0.376052 0 0)
(0.376052 0 0)
(0.376052 0 0)
(0.376052 0 0)
(0.376052 0 0)
(0.376052 0 0)
(0.376052 0 0)
(0.376052 0 0)
(0.376052 0 0)
(0.376052 0 0)
(0.376052 0 0)
(0.376052 0 0)
(0.376052 0 0)
(0.376052 0 0)
(0.376052 0 0)
(0.376052 0 0)
(0.376052 0 0)
(0.376053 0 0)
(0.376053 0 0)
(0.376053 0 0)
(0.376053 0 0)
(0.376053 0 0)
(0.376053 0 0)
(0.376053 0 0)
(0.376053 0 0)
(0.376053 0 0)
(0.376053 0 0)
(0.376053 0 0)
(0.376053 0 0)
(0.376053 0 0)
(0.376053 0 0)
(0.376053 0 0)
(0.376053 0 0)
(0.376053 0 0)
(0.376053 0 0)
(0.376053 0 0)
(0.376053 0 0)
(0.376053 0 0)
(0.376053 0 0)
(0.376053 0 0)
(0.376053 0 0)
(0.376053 0 0)
(0.376053 0 0)
(0.376055 0 0)
(0.376055 0 0)
(0.376055 0 0)
(0.376055 0 0)
(0.376055 0 0)
(0.376055 0 0)
(0.376055 0 0)
(0.376055 0 0)
(0.376055 0 0)
(0.376055 0 0)
(0.376055 0 0)
(0.376055 0 0)
(0.376055 0 0)
(0.376055 0 0)
(0.376055 0 0)
(0.376055 0 0)
(0.376055 0 0)
(0.376055 0 0)
(0.376055 0 0)
(0.376055 0 0)
(0.376059 0 0)
(0.376059 0 0)
(0.376059 0 0)
(0.376059 0 0)
(0.376059 0 0)
(0.376059 0 0)
(0.376059 0 0)
(0.376059 0 0)
(0.376059 0 0)
(0.376059 0 0)
(0.376059 0 0)
(0.376059 0 0)
(0.376059 0 0)
(0.376068 0 0)
(0.376068 0 0)
(0.376068 0 0)
(0.376068 0 0)
(0.376068 0 0)
(0.376068 0 0)
(0.376068 0 0)
(0.376068 0 0)
(0.376068 0 0)
(0.376068 0 0)
(0.376078 0 0)
(0.376078 0 0)
(0.376078 0 0)
(0.376078 0 0)
(0.376078 0 0)
(0.376078 0 0)
(0.376093 0 0)
(0.376093 0 0)
(0.376093 0 0)
(0.376093 0 0)
(0.376093 0 0)
(0.376093 0 0)
(0.376093 0 0)
(0.37612 0 0)
(0.37612 0 0)
(0.37612 0 0)
(0.37612 0 0)
(0.37612 0 0)
(0.37612 0 0)
(0.376168 0 0)
(0.376168 0 0)
(0.376168 0 0)
(0.376168 0 0)
(0.376168 0 0)
(0.376168 0 0)
(0.376246 0 0)
(0.376246 0 0)
(0.376246 0 0)
(0.376246 0 0)
(0.376246 0 0)
(0.376246 0 0)
(0.376394 0 0)
(0.376394 0 0)
(0.376394 0 0)
(0.376394 0 0)
(0.376394 0 0)
(0.376527 0 0)
(0.376527 0 0)
(0.376527 0 0)
(0.376746 0 0)
(0.376746 0 0)
(0.376914 0 0)
(0.377148 0 0)
(0.377148 0 0)
(0.377479 0 0)
(0.377952 0 0)
(0.378268 0 0)
(0.378656 0 0)
(0.379702 0 0)
(0.38041 0 0)
(0.381287 0 0)
(0.38372 0 0)
(0.38539 0 0)
(0.387462 0 0)
(0.393206 0 0)
(0.397132 0 0)
(0.404886 0 0)
(0.415596 0 0)
(0.430222 0 0)
(0.446249 0 0)
(0.466645 0 0)
(0.498011 0 0)
(0.530782 0 0)
(0.579061 0 0)
(0.632635 0 0)
(0.695503 0 0)
(0.760796 0 0)
(0.845312 0 0)
(0.935249 0 0)
(1.03239 0 0)
(1.14076 0 0)
(1.25627 0 0)
(1.36538 0 0)
(1.49085 0 0)
(1.61869 0 0)
(1.73976 0 0)
(1.86349 0 0)
(1.97405 0 0)
(2.07935 0 0)
(2.16591 0 0)
(2.24088 0 0)
(2.29654 0 0)
(2.34023 0 0)
(2.37018 0 0)
(2.39182 0 0)
(2.40853 0 0)
(2.42131 0 0)
(2.43172 0 0)
(2.43985 0 0)
(2.448 0 0)
(2.45553 0 0)
(2.46262 0 0)
(2.46936 0 0)
(2.47454 0 0)
(2.48201 0 0)
(2.48681 0 0)
(2.49376 0 0)
(2.49824 0 0)
(2.50474 0 0)
(2.50894 0 0)
(2.51304 0 0)
(2.51704 0 0)
(2.52475 0 0)
(2.52848 0 0)
(2.53211 0 0)
(2.53567 0 0)
(2.54254 0 0)
(2.54586 0 0)
(2.54911 0 0)
(2.55229 0 0)
(2.55539 0 0)
(2.56142 0 0)
(2.56433 0 0)
(2.56718 0 0)
(2.57271 0 0)
(2.57271 0 0)
(2.57803 0 0)
(2.57803 0 0)
(2.58314 0 0)
(2.58805 0 0)
(2.58805 0 0)
(2.59278 0 0)
(2.59734 0 0)
(2.59734 0 0)
(2.60174 0 0)
(2.60174 0 0)
(2.60598 0 0)
(2.61008 0 0)
(2.61008 0 0)
(2.61403 0 0)
(2.61403 0 0)
(2.61785 0 0)
(2.62155 0 0)
(2.62155 0 0)
(2.62513 0 0)
(2.62513 0 0)
(2.62859 0 0)
(2.63194 0 0)
(2.63194 0 0)
(2.63518 0 0)
(2.63518 0 0)
(2.63833 0 0)
(2.64138 0 0)
(2.64138 0 0)
(2.64433 0 0)
(2.64433 0 0)
(2.64997 0 0)
(2.64997 0 0)
(2.64997 0 0)
(2.64997 0 0)
(2.65531 0 0)
(2.65531 0 0)
(2.65531 0 0)
(2.66036 0 0)
(2.66036 0 0)
(2.66036 0 0)
(2.66515 0 0)
(2.66515 0 0)
(2.66515 0 0)
(2.6697 0 0)
(2.6697 0 0)
(2.6697 0 0)
(2.6697 0 0)
(2.67402 0 0)
(2.67402 0 0)
(2.67402 0 0)
(2.67813 0 0)
(2.67813 0 0)
(2.67813 0 0)
(2.68205 0 0)
(2.68205 0 0)
(2.68205 0 0)
(2.68205 0 0)
(2.68579 0 0)
(2.68579 0 0)
(2.68579 0 0)
(2.68935 0 0)
(2.68935 0 0)
(2.68935 0 0)
(2.69275 0 0)
(2.69275 0 0)
(2.69275 0 0)
(2.69275 0 0)
(2.69275 0 0)
(2.69908 0 0)
(2.69908 0 0)
(2.69908 0 0)
(2.69908 0 0)
(2.69908 0 0)
(2.69908 0 0)
(2.69908 0 0)
(2.70492 0 0)
(2.70492 0 0)
(2.70492 0 0)
(2.70492 0 0)
(2.70492 0 0)
(2.70492 0 0)
(2.71031 0 0)
(2.71031 0 0)
(2.71031 0 0)
(2.71031 0 0)
(2.71031 0 0)
(2.71031 0 0)
(2.71031 0 0)
(2.7153 0 0)
(2.7153 0 0)
(2.7153 0 0)
(2.7153 0 0)
(2.7153 0 0)
(2.7153 0 0)
(2.71994 0 0)
(2.71994 0 0)
(2.71994 0 0)
(2.71994 0 0)
(2.71994 0 0)
(2.71994 0 0)
(2.71994 0 0)
(2.72426 0 0)
(2.72426 0 0)
(2.72426 0 0)
(2.72426 0 0)
(2.72426 0 0)
(2.72426 0 0)
(2.72827 0 0)
(2.72827 0 0)
(2.72827 0 0)
(2.72827 0 0)
(2.72827 0 0)
(2.72827 0 0)
(2.72827 0 0)
(2.72827 0 0)
(2.72827 0 0)
(2.72827 0 0)
(2.73545 0 0)
(2.73545 0 0)
(2.73545 0 0)
(2.73545 0 0)
(2.73545 0 0)
(2.73545 0 0)
(2.73545 0 0)
(2.73545 0 0)
(2.73545 0 0)
(2.73545 0 0)
(2.73545 0 0)
(2.73545 0 0)
(2.73545 0 0)
(2.74181 0 0)
(2.74181 0 0)
(2.74181 0 0)
(2.74181 0 0)
(2.74181 0 0)
(2.74181 0 0)
(2.74181 0 0)
(2.74181 0 0)
(2.74181 0 0)
(2.74181 0 0)
(2.74181 0 0)
(2.74181 0 0)
(2.74181 0 0)
(2.74749 0 0)
(2.74749 0 0)
(2.74749 0 0)
(2.74749 0 0)
(2.74749 0 0)
(2.74749 0 0)
(2.74749 0 0)
(2.74749 0 0)
(2.74749 0 0)
(2.74749 0 0)
(2.74749 0 0)
(2.74749 0 0)
(2.74749 0 0)
(2.74749 0 0)
(2.75258 0 0)
(2.75258 0 0)
(2.75258 0 0)
(2.75258 0 0)
(2.75258 0 0)
(2.75258 0 0)
(2.75258 0 0)
(2.75258 0 0)
(2.75258 0 0)
(2.75258 0 0)
(2.75258 0 0)
(2.75258 0 0)
(2.75258 0 0)
(2.75717 0 0)
(2.75717 0 0)
(2.75717 0 0)
(2.75717 0 0)
(2.75717 0 0)
(2.75717 0 0)
(2.75717 0 0)
(2.75717 0 0)
(2.75717 0 0)
(2.75717 0 0)
(2.75717 0 0)
(2.75717 0 0)
(2.75717 0 0)
(2.76133 0 0)
(2.76133 0 0)
(2.76133 0 0)
(2.76133 0 0)
(2.76133 0 0)
(2.76133 0 0)
(2.76133 0 0)
(2.76133 0 0)
(2.76133 0 0)
(2.76133 0 0)
(2.76133 0 0)
(2.76133 0 0)
(2.76133 0 0)
(2.76511 0 0)
(2.76511 0 0)
(2.76511 0 0)
(2.76511 0 0)
(2.76511 0 0)
(2.76511 0 0)
(2.76511 0 0)
(2.76511 0 0)
(2.76511 0 0)
(2.76511 0 0)
(2.76511 0 0)
(2.76511 0 0)
(2.76511 0 0)
(2.76856 0 0)
(2.76856 0 0)
(2.76856 0 0)
(2.76856 0 0)
(2.76856 0 0)
(2.76856 0 0)
(2.76856 0 0)
(2.76856 0 0)
(2.76856 0 0)
(2.76856 0 0)
(2.76856 0 0)
(2.76856 0 0)
(2.76856 0 0)
(2.77172 0 0)
(2.77172 0 0)
(2.77172 0 0)
(2.77172 0 0)
(2.77172 0 0)
(2.77172 0 0)
(2.77172 0 0)
(2.77172 0 0)
(2.77172 0 0)
(2.77172 0 0)
(2.77172 0 0)
(2.77172 0 0)
(2.77172 0 0)
(2.77461 0 0)
(2.77461 0 0)
(2.77461 0 0)
(2.77461 0 0)
(2.77461 0 0)
(2.77461 0 0)
(2.77461 0 0)
(2.77461 0 0)
(2.77461 0 0)
(2.77461 0 0)
(2.77461 0 0)
(2.77461 0 0)
(2.77461 0 0)
(2.77728 0 0)
(2.77728 0 0)
(2.77728 0 0)
(2.77728 0 0)
(2.77728 0 0)
(2.77728 0 0)
(2.77728 0 0)
(2.77728 0 0)
(2.77728 0 0)
(2.77728 0 0)
(2.77728 0 0)
(2.77728 0 0)
(2.77728 0 0)
(2.77728 0 0)
(2.77974 0 0)
(2.77974 0 0)
(2.77974 0 0)
(2.77974 0 0)
(2.77974 0 0)
(2.77974 0 0)
(2.77974 0 0)
(2.77974 0 0)
(2.77974 0 0)
(2.77974 0 0)
(2.77974 0 0)
(2.77974 0 0)
(2.77974 0 0)
(2.78201 0 0)
(2.78201 0 0)
(2.78201 0 0)
(2.78201 0 0)
(2.78201 0 0)
(2.78201 0 0)
(2.78201 0 0)
(2.78201 0 0)
(2.78201 0 0)
(2.78201 0 0)
(2.78201 0 0)
(2.78201 0 0)
(2.78201 0 0)
(2.78412 0 0)
(2.78412 0 0)
(2.78412 0 0)
(2.78412 0 0)
(2.78412 0 0)
(2.78412 0 0)
(2.78412 0 0)
(2.78412 0 0)
(2.78412 0 0)
(2.78412 0 0)
(2.78412 0 0)
(2.78412 0 0)
(2.78412 0 0)
(2.78607 0 0)
(2.78607 0 0)
(2.78607 0 0)
(2.78607 0 0)
(2.78607 0 0)
(2.78607 0 0)
(2.78607 0 0)
(2.78607 0 0)
(2.78607 0 0)
(2.78607 0 0)
(2.78607 0 0)
(2.78607 0 0)
(2.78607 0 0)
(2.78789 0 0)
(2.78789 0 0)
(2.78789 0 0)
(2.78789 0 0)
(2.78789 0 0)
(2.78789 0 0)
(2.78789 0 0)
(2.78789 0 0)
(2.78789 0 0)
(2.78789 0 0)
(2.78789 0 0)
(2.78789 0 0)
(2.78789 0 0)
(2.78959 0 0)
(2.78959 0 0)
(2.78959 0 0)
(2.78959 0 0)
(2.78959 0 0)
(2.78959 0 0)
(2.78959 0 0)
(2.78959 0 0)
(2.78959 0 0)
(2.78959 0 0)
(2.78959 0 0)
(2.78959 0 0)
(2.78959 0 0)
(2.79117 0 0)
(2.79117 0 0)
(2.79117 0 0)
(2.79117 0 0)
(2.79117 0 0)
(2.79117 0 0)
(2.79117 0 0)
(2.79117 0 0)
(2.79117 0 0)
(2.79117 0 0)
(2.79117 0 0)
(2.79117 0 0)
(2.79117 0 0)
(2.79264 0 0)
(2.79264 0 0)
(2.79264 0 0)
(2.79264 0 0)
(2.79264 0 0)
(2.79264 0 0)
(2.79264 0 0)
(2.79264 0 0)
(2.79264 0 0)
(2.79264 0 0)
(2.79264 0 0)
(2.79264 0 0)
(2.79264 0 0)
(2.79402 0 0)
(2.79402 0 0)
(2.79402 0 0)
(2.79402 0 0)
(2.79402 0 0)
(2.79402 0 0)
(2.79402 0 0)
(2.79402 0 0)
(2.79402 0 0)
(2.79402 0 0)
(2.79402 0 0)
(2.79402 0 0)
(2.79402 0 0)
(2.79402 0 0)
(2.79531 0 0)
(2.79531 0 0)
(2.79531 0 0)
(2.79531 0 0)
(2.79531 0 0)
(2.79531 0 0)
(2.79531 0 0)
(2.79531 0 0)
(2.79531 0 0)
(2.79531 0 0)
(2.79531 0 0)
(2.79531 0 0)
(2.79531 0 0)
(2.79652 0 0)
(2.79652 0 0)
(2.79652 0 0)
(2.79652 0 0)
(2.79652 0 0)
(2.79652 0 0)
(2.79652 0 0)
(2.79652 0 0)
(2.79652 0 0)
(2.79652 0 0)
(2.79652 0 0)
(2.79652 0 0)
(2.79652 0 0)
(2.79766 0 0)
(2.79766 0 0)
(2.79766 0 0)
(2.79766 0 0)
(2.79766 0 0)
(2.79766 0 0)
(2.79766 0 0)
(2.79766 0 0)
(2.79766 0 0)
(2.79766 0 0)
(2.79766 0 0)
(2.79766 0 0)
(2.79766 0 0)
(2.79873 0 0)
(2.79873 0 0)
(2.79873 0 0)
(2.79873 0 0)
(2.79873 0 0)
(2.79873 0 0)
(2.79873 0 0)
(2.79873 0 0)
(2.79873 0 0)
(2.79873 0 0)
(2.79873 0 0)
(2.79873 0 0)
(2.79873 0 0)
(2.79973 0 0)
(2.79973 0 0)
(2.79973 0 0)
(2.79973 0 0)
(2.79973 0 0)
(2.79973 0 0)
(2.79973 0 0)
(2.79973 0 0)
(2.79973 0 0)
(2.79973 0 0)
(2.79973 0 0)
(2.79973 0 0)
(2.79973 0 0)
(2.80066 0 0)
(2.80066 0 0)
(2.80066 0 0)
(2.80066 0 0)
(2.80066 0 0)
(2.80066 0 0)
(2.80066 0 0)
(2.80066 0 0)
(2.80066 0 0)
(2.80066 0 0)
(2.80066 0 0)
(2.80066 0 0)
(2.80066 0 0)
(2.80066 0 0)
(2.80066 0 0)
(2.80066 0 0)
(2.80066 0 0)
(2.80066 0 0)
(2.80066 0 0)
(2.80066 0 0)
(2.80235 0 0)
(2.80235 0 0)
(2.80235 0 0)
(2.80235 0 0)
(2.80235 0 0)
(2.80235 0 0)
(2.80235 0 0)
(2.80235 0 0)
(2.80235 0 0)
(2.80235 0 0)
(2.80235 0 0)
(2.80235 0 0)
(2.80235 0 0)
(2.80235 0 0)
(2.80235 0 0)
(2.80235 0 0)
(2.80235 0 0)
(2.80235 0 0)
(2.80235 0 0)
(2.80235 0 0)
(2.80235 0 0)
(2.80235 0 0)
(2.80235 0 0)
(2.80235 0 0)
(2.80235 0 0)
(2.80235 0 0)
(2.80385 0 0)
(2.80385 0 0)
(2.80385 0 0)
(2.80385 0 0)
(2.80385 0 0)
(2.80385 0 0)
(2.80385 0 0)
(2.80385 0 0)
(2.80385 0 0)
(2.80385 0 0)
(2.80385 0 0)
(2.80385 0 0)
(2.80385 0 0)
(2.80385 0 0)
(2.80385 0 0)
(2.80385 0 0)
(2.80385 0 0)
(2.80385 0 0)
(2.80385 0 0)
(2.80385 0 0)
(2.80385 0 0)
(2.80385 0 0)
(2.80385 0 0)
(2.80385 0 0)
(2.80385 0 0)
(2.80385 0 0)
(2.8052 0 0)
(2.8052 0 0)
(2.8052 0 0)
(2.8052 0 0)
(2.8052 0 0)
(2.8052 0 0)
(2.8052 0 0)
(2.8052 0 0)
(2.8052 0 0)
(2.8052 0 0)
(2.8052 0 0)
(2.8052 0 0)
(2.8052 0 0)
(2.8052 0 0)
(2.8052 0 0)
(2.8052 0 0)
(2.8052 0 0)
(2.8052 0 0)
(2.8052 0 0)
(2.8052 0 0)
(2.8052 0 0)
(2.8052 0 0)
(2.8052 0 0)
(2.8052 0 0)
(2.8052 0 0)
(2.8052 0 0)
(2.8052 0 0)
(2.8064 0 0)
(2.8064 0 0)
(2.8064 0 0)
(2.8064 0 0)
(2.8064 0 0)
(2.8064 0 0)
(2.8064 0 0)
(2.8064 0 0)
(2.8064 0 0)
(2.8064 0 0)
(2.8064 0 0)
(2.8064 0 0)
(2.8064 0 0)
(2.8064 0 0)
(2.8064 0 0)
(2.8064 0 0)
(2.8064 0 0)
(2.8064 0 0)
(2.8064 0 0)
(2.8064 0 0)
(2.8064 0 0)
(2.8064 0 0)
(2.8064 0 0)
(2.8064 0 0)
(2.8064 0 0)
(2.8064 0 0)
(2.80748 0 0)
(2.80748 0 0)
(2.80748 0 0)
(2.80748 0 0)
(2.80748 0 0)
(2.80748 0 0)
(2.80748 0 0)
(2.80748 0 0)
(2.80748 0 0)
(2.80748 0 0)
(2.80748 0 0)
(2.80748 0 0)
(2.80748 0 0)
(2.80748 0 0)
(2.80748 0 0)
(2.80748 0 0)
(2.80748 0 0)
(2.80748 0 0)
(2.80748 0 0)
(2.80748 0 0)
(2.80748 0 0)
(2.80748 0 0)
(2.80748 0 0)
(2.80748 0 0)
(2.80748 0 0)
(2.80748 0 0)
(2.80845 0 0)
(2.80845 0 0)
(2.80845 0 0)
(2.80845 0 0)
(2.80845 0 0)
(2.80845 0 0)
(2.80845 0 0)
(2.80845 0 0)
(2.80845 0 0)
(2.80845 0 0)
(2.80845 0 0)
(2.80845 0 0)
(2.80845 0 0)
(2.80845 0 0)
(2.80845 0 0)
(2.80845 0 0)
(2.80845 0 0)
(2.80845 0 0)
(2.80845 0 0)
(2.80845 0 0)
(2.80845 0 0)
(2.80845 0 0)
(2.80845 0 0)
(2.80845 0 0)
(2.80845 0 0)
(2.80845 0 0)
(2.80933 0 0)
(2.80933 0 0)
(2.80933 0 0)
(2.80933 0 0)
(2.80933 0 0)
(2.80933 0 0)
(2.80933 0 0)
(2.80933 0 0)
(2.80933 0 0)
(2.80933 0 0)
(2.80933 0 0)
(2.80933 0 0)
(2.80933 0 0)
(2.80933 0 0)
(2.80933 0 0)
(2.80933 0 0)
(2.80933 0 0)
(2.80933 0 0)
(2.80933 0 0)
(2.80933 0 0)
(2.80933 0 0)
(2.80933 0 0)
(2.80933 0 0)
(2.80933 0 0)
(2.80933 0 0)
(2.80933 0 0)
(2.80933 0 0)
(2.81011 0 0)
(2.81011 0 0)
(2.81011 0 0)
(2.81011 0 0)
(2.81011 0 0)
(2.81011 0 0)
(2.81011 0 0)
(2.81011 0 0)
(2.81011 0 0)
(2.81011 0 0)
(2.81011 0 0)
(2.81011 0 0)
(2.81011 0 0)
(2.81011 0 0)
(2.81011 0 0)
(2.81011 0 0)
(2.81011 0 0)
(2.81011 0 0)
(2.81011 0 0)
(2.81011 0 0)
(2.81011 0 0)
(2.81011 0 0)
(2.81011 0 0)
(2.81011 0 0)
(2.81011 0 0)
(2.81011 0 0)
(2.81083 0 0)
(2.81083 0 0)
(2.81083 0 0)
(2.81083 0 0)
(2.81083 0 0)
(2.81083 0 0)
(2.81083 0 0)
(2.81083 0 0)
(2.81083 0 0)
(2.81083 0 0)
(2.81083 0 0)
(2.81083 0 0)
(2.81083 0 0)
(2.81083 0 0)
(2.81083 0 0)
(2.81083 0 0)
(2.81083 0 0)
(2.81083 0 0)
(2.81083 0 0)
(2.81083 0 0)
(2.81083 0 0)
(2.81083 0 0)
(2.81083 0 0)
(2.81083 0 0)
(2.81083 0 0)
(2.81083 0 0)
(2.81147 0 0)
(2.81147 0 0)
(2.81147 0 0)
(2.81147 0 0)
(2.81147 0 0)
(2.81147 0 0)
(2.81147 0 0)
(2.81147 0 0)
(2.81147 0 0)
(2.81147 0 0)
(2.81147 0 0)
(2.81147 0 0)
(2.81147 0 0)
(2.81147 0 0)
(2.81147 0 0)
(2.81147 0 0)
(2.81147 0 0)
(2.81147 0 0)
(2.81147 0 0)
(2.81147 0 0)
(2.81147 0 0)
(2.81147 0 0)
(2.81147 0 0)
(2.81147 0 0)
(2.81147 0 0)
(2.81147 0 0)
(2.81206 0 0)
(2.81206 0 0)
(2.81206 0 0)
(2.81206 0 0)
(2.81206 0 0)
(2.81206 0 0)
(2.81206 0 0)
(2.81206 0 0)
(2.81206 0 0)
(2.81206 0 0)
(2.81206 0 0)
(2.81206 0 0)
(2.81206 0 0)
(2.81206 0 0)
(2.81206 0 0)
(2.81206 0 0)
(2.81206 0 0)
(2.81206 0 0)
(2.81206 0 0)
(2.81206 0 0)
(2.81234 0 0)
(2.81234 0 0)
(2.81234 0 0)
(2.81234 0 0)
(2.81234 0 0)
(2.81234 0 0)
(2.81234 0 0)
(2.81234 0 0)
(2.81234 0 0)
(2.81234 0 0)
(2.81234 0 0)
(2.81234 0 0)
(2.81234 0 0)
(2.8126 0 0)
(2.8126 0 0)
(2.8126 0 0)
(2.8126 0 0)
(2.8126 0 0)
(2.8126 0 0)
(2.8126 0 0)
(2.8126 0 0)
(2.8126 0 0)
(2.8126 0 0)
(2.8126 0 0)
(2.8126 0 0)
(2.8126 0 0)
(2.81285 0 0)
(2.81285 0 0)
(2.81285 0 0)
(2.81285 0 0)
(2.81285 0 0)
(2.81285 0 0)
(2.81285 0 0)
(2.81285 0 0)
(2.81285 0 0)
(2.81285 0 0)
(2.81285 0 0)
(2.81285 0 0)
(2.81285 0 0)
(2.81309 0 0)
(2.81309 0 0)
(2.81309 0 0)
(2.81309 0 0)
(2.81309 0 0)
(2.81309 0 0)
(2.81309 0 0)
(2.81309 0 0)
(2.81309 0 0)
(2.81309 0 0)
(2.81309 0 0)
(2.81309 0 0)
(2.81309 0 0)
(2.81329 0 0)
(2.81329 0 0)
(2.81329 0 0)
(2.81329 0 0)
(2.81329 0 0)
(2.81329 0 0)
(2.81329 0 0)
(2.81329 0 0)
(2.81329 0 0)
(2.81329 0 0)
(2.81329 0 0)
(2.81346 0 0)
(2.81346 0 0)
(2.81346 0 0)
(2.81346 0 0)
(2.81346 0 0)
(2.81346 0 0)
(2.81346 0 0)
(2.81346 0 0)
(2.81346 0 0)
(2.81354 0 0)
(2.81354 0 0)
(2.81354 0 0)
(2.81354 0 0)
(2.81354 0 0)
(2.81354 0 0)
(2.8136 0 0)
(2.8136 0 0)
(2.8136 0 0)
(2.8136 0 0)
(2.8136 0 0)
(2.8136 0 0)
(2.81363 0 0)
(2.81363 0 0)
(2.81363 0 0)
(2.81363 0 0)
(2.81363 0 0)
(2.81363 0 0)
(2.81363 0 0)
(2.81363 0 0)
(2.81363 0 0)
)
;

boundaryField
{
    inletBoundary
    {
        type            fixedValue;
        value           uniform (0.37605 0 0);
    }
    outletBoundary
    {
        type            zeroGradient;
    }
    frontAndBack
    {
        type            empty;
    }
}


// ************************************************************************* //
