/*--------------------------------*- C++ -*----------------------------------*\
  =========                 |
  \\      /  F ield         | OpenFOAM: The Open Source CFD Toolbox
   \\    /   O peration     | Website:  https://openfoam.org
    \\  /    A nd           | Version:  7
     \\/     M anipulation  |
\*---------------------------------------------------------------------------*/
FoamFile
{
    version     2.0;
    format      ascii;
    class       volVectorField;
    location    "0.000558243009";
    object      ddt0(rho,U);
}
// * * * * * * * * * * * * * * * * * * * * * * * * * * * * * * * * * * * * * //

dimensions      [1 -2 -2 0 0 0 0];

internalField   nonuniform List<vector> 
1500
(
(3198.833837 0 0)
(14579.03485 2.448374532e-18 2.448374532e-18)
(25698.29549 -5.039546186e-20 -5.039546186e-20)
(34491.06065 -5.344396563e-18 6.953664243e-20)
(45441.92565 0 6.531496481e-18)
(53558.64095 0 0)
(62261.15447 7.67006089e-18 -7.67006089e-18)
(67914.17363 -9.534487804e-20 -7.327947843e-18)
(73099.16059 8.692337457e-20 6.767616897e-18)
(75472.98336 -7.34032165e-20 -5.788376908e-18)
(76655.76351 -8.813206569e-18 -8.756242284e-18)
(75352.43258 2.972596917e-18 2.934901005e-18)
(72405.9073 1.345587272e-18 1.363325685e-18)
(67384.00208 -2.616809836e-21 -2.037377361e-19)
(60654.53322 1.736331646e-18 2.201865989e-20)
(52353.77153 3.010090043e-18 3.04977102e-18)
(42715.32239 -4.26151677e-18 0)
(32058.44748 0 0)
(20695.59062 6.20561427e-18 6.20561427e-18)
(8962.204795 -6.962024587e-18 -1.383576278e-17)
(-2803.455422 -7.190274601e-18 -7.095487716e-18)
(-14284.2014 7.646090433e-18 1.529218087e-17)
(-25191.29407 0 0)
(-35274.7327 8.151536102e-18 -8.151536102e-18)
(-44331.20807 -8.335437478e-18 -8.124031827e-18)
(-52207.39161 -8.026177497e-18 8.237790163e-18)
(-58800.54336 8.069007128e-18 8.069007128e-18)
(-64055.90745 0 0)
(-67961.09944 -7.775201204e-18 -7.775201204e-18)
(-70539.50897 7.485782714e-18 9.492823123e-20)
(-71841.69096 6.664182722e-18 6.752034448e-18)
(-71935.37696 -1.209532526e-17 0)
(-70899.93718 6.548303287e-20 0)
(-68816.22618 -4.941541793e-20 -3.847351539e-18)
(-65761.34017 -4.605099891e-18 -2.287667386e-18)
(-61808.83373 6.514020686e-21 0)
(-57022.96677 -1.548606217e-18 0)
(-51460.78695 -3.877212883e-18 0)
(-45177.02085 -6.283429577e-18 -6.365184091e-18)
(-38225.58015 0 -8.847136021e-18)
(-30664.32399 0 0)
(-22560.9109 0 0)
(-13995.69494 0 1.651405366e-17)
(-5064.313958 0 -2.391899292e-19)
(4120.125239 -2.036721889e-17 -4.047284105e-17)
(13427.92856 2.782827353e-19 2.19445964e-17)
(22714.86971 -2.884156872e-19 2.187839685e-17)
(31825.09222 2.91417781e-19 -2.239755603e-17)
(40595.97088 2.205741635e-17 0)
(48863.54566 0 0)
(56467.81624 0 0)
(63258.38707 0 0)
(69100.03201 0 0)
(73876.33248 0 0)
(77493.85683 0 0)
(79884.79988 6.051704291e-18 6.051704291e-18)
(81007.67049 -3.222766305e-20 -3.222766305e-20)
(80848.8567 -1.401645581e-20 -1.401645581e-20)
(79422.00148 5.994450738e-20 5.994450738e-20)
(76766.86385 1.617762561e-17 1.617762561e-17)
(72947.86649 -1.469702365e-19 -1.469702365e-19)
(68051.90777 -1.432279448e-17 -1.432279448e-17)
(62185.77268 0 -1.72864235e-17)
(55472.82448 1.973019304e-17 2.534158516e-19)
(48049.90093 -2.800797065e-19 -2.800797065e-19)
(40063.59829 -2.318967364e-17 3.017233841e-19)
(31666.10297 -2.477357466e-17 -3.181933848e-19)
(23011.24416 -2.532299421e-17 -2.532299421e-17)
(14250.32884 2.613916444e-17 2.613916444e-17)
(5527.899707 -3.372277623e-19 -3.372277623e-19)
(-3021.986688 -2.569927261e-17 -2.569927261e-17)
(-11279.20709 2.551312325e-17 5.10262465e-17)
(-19140.44681 4.91620218e-17 4.884426327e-17)
(-26521.23657 -3.052137502e-19 -2.37630082e-17)
(-33357.11946 -4.49727647e-17 -4.49727647e-17)
(-39603.92056 -2.111762938e-17 2.747637075e-19)
(-45237.05065 0 -2.579784088e-19)
(-50249.86127 1.874285356e-17 2.407332635e-19)
(-54651.21661 3.45484515e-17 3.45484515e-17)
(-58462.68991 1.581823342e-17 1.581823342e-17)
(-61714.91289 -1.465455436e-17 -1.465455436e-17)
(-64444.20363 -1.309248939e-17 -2.635532713e-17)
(-66689.03642 0 1.197582223e-17)
(-68486.5723 0 1.004012545e-17)
(-69870.51834 0 1.113193018e-19)
(-70868.38693 0 -8.822949307e-20)
(-71499.71843 -9.742480921e-18 -1.455115532e-17)
(-71775.92491 6.773563546e-20 6.773563546e-20)
(-71699.89818 2.711101505e-19 2.711101505e-19)
(-71266.29648 -2.646725153e-18 0)
(-70462.90483 7.350603877e-20 0)
(-69272.1451 8.969195993e-18 0)
(-67672.89026 1.271626653e-17 0)
(-65642.60329 -2.129682521e-19 -1.658110898e-17)
(-63159.49951 -2.036935549e-17 2.650294335e-19)
(-60204.66114 0 -3.187662103e-19)
(-56763.97944 2.906519381e-17 2.943850629e-17)
(-52829.81459 3.287217704e-17 6.574435408e-17)
(-48402.31701 -3.744228775e-17 -7.48845755e-17)
(-43490.33297 -4.08784117e-17 -4.034653735e-17)
(-38111.86695 -4.512258181e-17 4.454302788e-17)
(-32294.11118 6.22951387e-19 0)
(-26073.05882 5.081413487e-17 0)
(-19492.75821 0 0)
(-12604.28193 0 0)
(-5464.495275 5.738086041e-17 5.738086041e-17)
(1865.273879 -7.475344264e-19 5.745329374e-17)
(9320.57767 -5.765210722e-17 -5.84022262e-17)
(16835.11423 5.797421191e-17 7.446213351e-19)
(24341.85857 5.61841081e-17 -7.310174157e-19)
(31774.01152 -5.523128474e-17 -5.452189321e-17)
(39065.7531 6.799068796e-19 5.293561668e-17)
(46152.81256 -6.427970646e-19 -6.427970646e-19)
(52972.88189 -4.598840212e-17 -4.598840212e-17)
(59465.93559 -4.25830459e-17 -4.25830459e-17)
(65574.49016 4.88913682e-19 3.855444825e-17)
(71243.88371 6.571136669e-17 3.221859264e-17)
(76422.62505 -3.548604392e-19 -2.727357473e-17)
(81062.82522 2.798604156e-19 0)
(85120.73201 -2.003365441e-19 1.559771861e-17)
(88557.37971 1.169772344e-19 8.99054593e-18)
(91339.30971 -3.054009791e-20 -2.377772074e-18)
(93439.29518 4.468341431e-18 -5.813811882e-20)
(94837.0607 0 -1.138674043e-17)
(95519.89478 1.857283334e-17 3.714566668e-17)
(95483.11586 -3.283281185e-19 2.490606128e-17)
(94730.36969 -3.200923846e-17 -3.200923846e-17)
(93273.68634 0 0)
(91133.32499 4.54605929e-17 4.54605929e-17)
(88337.41171 -6.612776832e-19 5.082389408e-17)
(84921.3956 -5.635815922e-17 -5.709144336e-17)
(80927.38064 0 -1.236413898e-16)
(76403.37063 -6.681993245e-17 -6.596169567e-17)
(71402.49509 9.099524079e-19 7.084628296e-17)
(65982.25832 7.330881291e-17 -9.538300729e-19)
(60203.84361 -7.703930478e-17 -7.604981201e-17)
(54131.4963 1.016642327e-18 7.915301396e-17)
(47831.98053 1.601377277e-16 1.601377277e-16)
(41374.08587 -8.23722294e-17 -8.23722294e-17)
(34828.14665 -7.928040014e-17 -7.928040014e-17)
(28265.52299 7.967861651e-17 7.967861651e-17)
(21757.98203 -7.936878221e-17 0)
(15376.92867 7.834016655e-17 7.734672719e-17)
(9192.431038 7.275714595e-17 -9.591310145e-19)
(3272.020747 -7.04766634e-17 -7.04766634e-17)
(-2320.739754 -6.755498924e-17 0)
(-7527.900875 -6.241731711e-17 -6.322943333e-17)
(-12298.92205 5.850466582e-17 7.514353634e-19)
(-16592.53529 5.279932739e-17 5.279932739e-17)
(-20378.57187 4.829711977e-17 0)
(-23639.61773 -5.532543902e-19 0)
(-26372.36511 -3.748060059e-17 0)
(-28588.52503 3.3132903e-17 3.3132903e-17)
(-30315.17758 -3.689323826e-19 -3.689323826e-19)
(-31594.46979 -2.456993454e-17 -2.456993454e-17)
(-32482.59503 0 0)
(-33048.05053 0 0)
(-33369.19584 0 0)
(-33531.20387 1.756175433e-17 1.756175433e-17)
(-33622.54667 -2.31464588e-19 -2.31464588e-19)
(-33731.17186 -1.912138147e-17 -1.912138147e-17)
(-33940.59482 0 0)
(-34326.14247 0 -2.432276474e-17)
(-34951.55978 0 3.546820889e-19)
(-35866.20347 -3.118546612e-17 -4.005481129e-19)
(-37103.02086 -3.436052513e-17 -6.916811867e-17)
(-38677.44858 0 4.912073397e-19)
(-40587.30939 0 4.073181287e-17)
(-42813.72852 4.364378784e-17 4.364378784e-17)
(-45323.00458 4.462193116e-17 4.462193116e-17)
(-48069.30311 0 0)
(-50997.97721 0 0)
(-54049.26114 4.370430241e-17 0)
(-57162.05596 -5.264741439e-19 0)
(-60277.51232 -3.674278893e-17 0)
(-63342.12867 0 0)
(-66310.13042 0 0)
(-69144.95201 -2.074575821e-17 -2.074575821e-17)
(-71819.72359 -1.385285935e-17 -1.385285935e-17)
(-74316.76728 6.968672697e-18 6.968672697e-18)
(-76626.19163 -3.127444619e-19 -3.127444619e-19)
(-78743.76252 7.725224447e-18 7.725224447e-18)
(-80668.29706 -1.952055316e-19 -1.952055316e-19)
(-82398.87422 2.918183888e-19 -2.242848607e-17)
(-83932.16507 -3.893911846e-19 0)
(-85260.16985 -7.560680265e-17 0)
(-86368.60145 4.658882067e-17 4.599801982e-17)
(-87236.08185 1.071343115e-16 5.356715575e-17)
(-87834.23355 0 0)
(-88128.65463 0 0)
(-88080.68245 -1.635946519e-16 -1.635946519e-16)
(-87649.78441 -8.966647491e-17 -8.966647491e-17)
(-86796.36663 1.014387272e-16 1.014387272e-16)
(-85484.77218 0 0)
(-83686.24384 -1.25264217e-16 0)
(-81381.65361 1.755750657e-18 0)
(-78563.82875 2.939938543e-16 1.479470403e-16)
(-75239.34308 -2.038892909e-18 -2.038892909e-18)
(-71429.67462 2.167944613e-18 2.167944613e-18)
(-67171.63764 1.755093684e-16 -2.283566813e-18)
(-62517.02016 -1.854585316e-16 -1.830764924e-16)
(-57531.34504 -1.890619196e-16 0)
(-52291.6788 1.957625807e-16 1.957625807e-16)
(-46883.4435 -2.543461696e-18 1.954830987e-16)
(-41396.22009 2.546280242e-18 -1.982467868e-16)
(-35918.62991 -2.523372372e-18 -1.939399385e-16)
(-30532.50998 -1.903618596e-16 -1.928386862e-16)
(-25306.75664 1.876655474e-16 1.900759306e-16)
(-20291.39679 3.603951921e-16 3.58065775e-16)
(-15512.61205 -3.511465928e-16 -3.489059152e-16)
(-10969.56071 -3.286010781e-16 -1.632246724e-16)
(-6633.866096 1.591161245e-16 -2.070273114e-18)
(-2452.540226 -1.559573996e-16 -1.539542827e-16)
(1645.145544 1.955033139e-18 3.044248464e-16)
(5736.751242 1.481437885e-16 1.462162735e-16)
(9892.198852 0 -1.474011428e-16)
(14156.87551 0 0)
(18534.14257 0 1.491370218e-16)
(22969.69127 0 -1.891961918e-18)
(27340.61397 0 -1.403771493e-16)
(31452.18555 0 1.321283282e-16)
(35045.08007 0 -1.484231286e-18)
(37815.01088 9.148001651e-17 1.17497341e-18)
(39445.58151 5.895994365e-17 5.895994365e-17)
(39653.50664 -2.130816914e-17 0)
(38243.42433 2.105533702e-17 0)
(35167.49249 -6.415590123e-17 0)
(30583.02814 1.304850474e-18 1.015927674e-16)
(24899.96381 -1.628209541e-18 -1.628209541e-18)
(18809.0667 1.337183505e-16 1.337183505e-16)
(13282.01721 1.068713704e-16 1.068713704e-16)
(9535.728988 -5.240686911e-17 -5.240686911e-17)
(8955.800946 0 0)
(12977.72539 -1.775048015e-16 -1.775048015e-16)
(22929.11693 4.48290585e-18 4.48290585e-18)
(39841.7851 5.406633674e-16 5.406633674e-16)
(64247.56873 7.581727568e-16 7.581727568e-16)
(95977.94086 -9.712126057e-16 -9.712126057e-16)
(133989.5048 -1.09394934e-15 -1.09394934e-15)
(176243.764 -1.565393674e-17 -1.565393674e-17)
(219662.0127 1.559488559e-17 1.229764394e-15)
(260187.7759 2.141813917e-15 1.050141325e-15)
(292957.9157 -1.007032372e-17 -7.739794772e-16)
(312618.8543 -3.128888535e-16 0)
(313745.8603 3.253108048e-16 -3.253108048e-16)
(291389.9549 1.111717338e-15 1.140646972e-15)
(241766.8644 -4.09510287e-15 1.994954041e-15)
(162838.4471 -2.950232391e-15 3.889201229e-17)
(54683.04006 3.945223366e-15 -5.133170492e-17)
(-116702.9375 0 -2.223133055e-14)
(-163111.9466 -6.281668117e-14 6.186828737e-14)
(-168707.0397 -1.84732937e-25 1.064981037e-13)
(-178508.9317 5.372388783e-14 -5.372388783e-14)
(-189176.9968 -5.408297617e-14 -5.408297617e-14)
(-199010.8159 -6.040628912e-30 6.040628912e-30)
(-209503.9937 5.472686171e-14 5.472686171e-14)
(-219684.9299 0 3.818657458e-25)
(-230111.9613 -5.531291995e-14 -5.531291995e-14)
(-240489.3529 -3.85663136e-25 1.111598308e-13)
(-250943.0364 5.583193143e-14 -5.583193143e-14)
(-261422.8947 -5.606604044e-14 -5.606604044e-14)
(-271938.5193 4.883729141e-48 -4.883729141e-48)
(-282483.6153 5.648114421e-14 5.648114421e-14)
(-293054.8424 -5.666123984e-14 5.666123984e-14)
(-303648.4326 -1.971427342e-25 -1.136450489e-13)
(-314260.5671 5.696461737e-14 5.696461737e-14)
(-324887.342 0 3.802767153e-29)
(-335524.7941 -5.718969995e-14 -5.718969995e-14)
(-346168.8842 -1.987019254e-25 1.987019254e-25)
(-356815.501 5.733345015e-14 5.733345015e-14)
(-367460.465 -5.737388215e-14 5.737388215e-14)
(-378099.5279 -3.982301692e-25 -1.147857046e-13)
(-388728.3689 5.738998736e-14 5.738998736e-14)
(-399342.597 0 2.547514043e-29)
(-409937.7581 -5.731727173e-14 -5.731727173e-14)
(-420509.3275 3.97209619e-25 -3.97209619e-25)
(-431052.7132 5.715279851e-14 5.715279851e-14)
(-441563.2553 -5.70352462e-14 5.70352462e-14)
(-452036.2298 6.316466493e-30 -1.137873446e-13)
(-462466.8477 5.672772239e-14 5.672772239e-14)
(-472850.251 0 3.922920017e-25)
(-483181.5219 -5.632129198e-14 -5.632129198e-14)
(-493455.6784 -3.891464553e-25 3.891464553e-25)
(-503667.6791 5.581318954e-14 5.581318954e-14)
(-513812.4202 -5.552016481e-14 5.552016481e-14)
(-523884.7298 -6.128510286e-30 -1.104014266e-13)
(-533879.3874 5.485450895e-14 5.485450895e-14)
(-543791.1126 0 -3.780394738e-25)
(-553614.5587 -5.408055796e-14 -5.408055796e-14)
(-563344.3315 1.861553109e-25 1.073043631e-13)
(-572974.9812 5.319579399e-14 -5.319579399e-14)
(-582501.0022 -5.271109464e-14 -5.271109464e-14)
(-591916.8359 -3.622007086e-25 3.622007086e-25)
(-601216.8731 5.165558502e-14 5.165558502e-14)
(-610395.4535 0 7.089357206e-25)
(-619446.8669 -5.048336342e-14 -5.048336342e-14)
(-628365.3589 1.729561048e-25 9.97055969e-14)
(-637145.1278 4.919224442e-14 -4.919224442e-14)
(-645780.3241 -4.850144504e-14 -4.850144504e-14)
(-654265.0594 -1.65781312e-25 1.65781312e-25)
(-662593.401 4.702812412e-14 4.702812412e-14)
(-670759.3782 0 6.417800754e-25)
(-678756.9827 -4.543093911e-14 -4.543093911e-14)
(-686580.1647 -1.546963698e-25 8.917067879e-14)
(-694222.8446 4.370812071e-14 -4.370812071e-14)
(-701678.9103 -4.279908343e-14 -4.279908343e-14)
(-708942.213 -4.647175527e-30 4.647175527e-30)
(-716006.575 4.088479609e-14 4.088479609e-14)
(-722865.7965 0 0)
(-729513.647 -3.884106024e-14 -3.884106024e-14)
(-735943.8716 -1.31041869e-25 7.554049439e-14)
(-742150.1979 3.666661032e-14 -3.666661032e-14)
(-748126.3307 -3.553001641e-14 -3.553001641e-14)
(-753865.9527 1.192190146e-25 -1.192190146e-25)
(-759362.7391 3.315747678e-14 3.315747678e-14)
(-764610.3496 0 2.214986475e-25)
(-769602.4298 -3.065177946e-14 -3.065177946e-14)
(-774332.6181 -2.112545174e-70 5.869755861e-14)
(-778794.5473 2.801225237e-14 -2.801225237e-14)
(-782981.8462 -2.664214395e-14 -2.664214395e-14)
(-786888.1379 -1.751266545e-25 1.751266545e-25)
(-790507.0477 2.380102226e-14 2.380102226e-14)
(-793832.2074 -2.232996086e-14 2.232996086e-14)
(-796857.2506 7.224968701e-26 -4.165044174e-14)
(-799575.8214 1.928681043e-14 1.928681043e-14)
(-801981.5738 0 -1.229089742e-25)
(-804068.1686 -1.610907453e-14 -1.610907453e-14)
(-805829.2909 -5.020070217e-26 5.020070217e-26)
(-807258.6472 1.279708083e-14 1.279708083e-14)
(-808349.9562 -1.109090091e-14 1.109090091e-14)
(-809096.9645 3.244411775e-26 -1.870276052e-14)
(-809493.4505 7.578624174e-15 7.578624174e-15)
(-809533.2121 0 4.005778508e-26)
(-809210.0887 0 -3.933893681e-15)
(-808517.9551 0 1.430940896e-26)
(-807450.7195 0 1.578427739e-16)
(-806002.3367 1.779007537e-15 -1.779007537e-15)
(-804166.8009 2.600803502e-26 7.496305717e-15)
(-801938.1607 -5.749381455e-15 -5.749381455e-15)
(-799310.5106 0 -1.728054716e-30)
(-796277.9991 9.847164834e-15 9.847164834e-15)
(-792834.8364 -2.65192669e-30 2.65192669e-30)
(-788975.2908 -1.407034383e-14 -1.407034383e-14)
(-784693.6945 1.622825473e-14 -1.622825473e-14)
(-779984.4469 1.277870114e-25 3.683327703e-14)
(-774842.0193 -2.063516741e-14 -2.063516741e-14)
(-769260.9519 0 -1.587861571e-25)
(-763235.8636 0 2.516126542e-14)
(-756761.4537 0 -5.493618718e-14)
(-749832.5096 0 2.980358308e-14)
(-742443.8993 3.21673193e-14 3.21673193e-14)
(-734590.5856 3.836805173e-30 -3.836805173e-30)
(-726267.6277 -3.697777881e-14 -3.697777881e-14)
(-717470.1774 0 2.735560418e-25)
(-708193.492 4.189578471e-14 4.189578471e-14)
(-698432.9285 1.478613397e-29 -8.878776989e-14)
(-688183.9557 -4.69173555e-14 4.69173555e-14)
(-677442.154 4.946565166e-14 4.946565166e-14)
(-666203.2205 1.805438085e-25 -1.805438085e-25)
(-654462.973 -5.463444715e-14 -5.463444715e-14)
(-642217.3472 0 3.972650662e-25)
(-629462.4083 5.989553296e-14 5.989553296e-14)
(-616194.3524 2.170386032e-25 -1.251182403e-13)
(-602409.5082 -6.524386353e-14 6.524386353e-14)
(-588104.3407 6.794908398e-14 6.794908398e-14)
(-573275.4597 7.846399352e-30 -7.846399352e-30)
(-557919.6203 -7.341814001e-14 -7.341814001e-14)
(-542033.7211 0 5.286085395e-25)
(-525614.817 7.89604614e-14 7.89604614e-14)
(-508660.1234 -2.836159214e-25 -1.635143772e-13)
(-491167.007 -8.456990367e-14 8.456990367e-14)
(-473133.0035 8.73977889e-14 8.73977889e-14)
(-454555.819 -3.130829147e-25 3.130829147e-25)
(-435433.3254 -9.309569873e-14 -9.309569874e-14)
(-415763.5695 0 -9.596398936e-14)
(-395544.7806 0 1.976879614e-13)
(-374775.3689 0 -1.017347556e-13)
(-353453.9302 0 7.26053781e-25)
(-331579.2526 1.075448881e-13 1.075448881e-13)
(-309150.3136 3.83243132e-25 -3.83243132e-25)
(-286166.2931 -1.133866525e-13 -1.133866525e-13)
(-262626.5695 1.163168929e-13 -1.163168929e-13)
(-238530.727 4.137649568e-25 2.38503994e-13)
(-213878.5582 -1.22190909e-13 -1.22190909e-13)
(-188670.0632 0 5.557001724e-29)
(-162905.4632 1.280758383e-13 1.280758383e-13)
(-136585.1981 -1.454610278e-29 1.454610278e-29)
(-109709.9297 -1.339628446e-13 -1.339628446e-13)
(-82280.5474 1.369042811e-13 -1.369042811e-13)
(-54298.17056 9.703542379e-25 2.79685567e-13)
(-25764.14894 -1.427771615e-13 -1.427771615e-13)
(3319.929409 0 -2.022144515e-24)
(32952.23373 1.486286884e-13 1.486286884e-13)
(63130.69353 1.051543316e-24 -1.051543316e-24)
(93852.98849 -1.544489642e-13 -1.544489642e-13)
(125116.5482 1.573442094e-13 -1.573442094e-13)
(156918.5518 5.55937423e-25 3.204555959e-13)
(189255.9154 -1.630984109e-13 -1.630984109e-13)
(222125.2948 0 -3.684934832e-29)
(255523.0909 1.687953467e-13 1.687953467e-13)
(289445.4343 1.905353057e-29 -1.905353057e-29)
(323888.1819 -1.744241225e-13 -1.744241225e-13)
(358846.9221 1.772094715e-13 -1.772094715e-13)
(394316.9664 6.243887817e-25 3.599471452e-13)
(430293.3526 -1.827149903e-13 -1.827149903e-13)
(466770.8375 0 -1.286777218e-24)
(503743.8848 1.881239526e-13 1.881239526e-13)
(541206.6785 -6.619095583e-25 -3.815770924e-13)
(579153.1185 -1.934245576e-13 1.934245576e-13)
(617576.8051 1.960304747e-13 1.960304747e-13)
(656471.0467 6.890266702e-25 -6.890266702e-25)
(695828.8586 -2.011459095e-13 -2.011459095e-13)
(735642.9533 0 -1.413121947e-24)
(775905.7422 2.061224823e-13 2.061224823e-13)
(816609.3387 -7.235465696e-25 -4.171095474e-13)
(857745.5468 -2.109476185e-13 2.109476185e-13)
(899305.861 2.132994139e-13 2.132994139e-13)
(941281.4767 4.787471486e-29 -4.787471486e-29)
(983663.2677 -2.178733957e-13 -2.178733957e-13)
(1026441.797 0 1.527050664e-24)
(1069607.321 2.222636847e-13 2.222636847e-13)
(1113149.775 -7.784947288e-25 -4.48771657e-13)
(1157058.775 -2.264570914e-13 2.264570914e-13)
(1201323.62 2.284758024e-13 2.284758024e-13)
(1245933.294 -4.552707137e-47 4.552707137e-47)
(1290876.453 -2.323488472e-13 -2.323488472e-13)
(1336141.438 0 -1.625087585e-24)
(1381716.265 2.359914518e-13 2.359914518e-13)
(1427588.627 8.24816965e-25 -4.754441797e-13)
(1473745.89 -2.39390008e-13 2.39390008e-13)
(1520175.1 2.40993493e-13 2.40993493e-13)
(1566862.976 8.414209165e-25 -8.414209165e-25)
(1613795.912 -2.440002938e-13 -2.440002938e-13)
(1660959.981 2.454001684e-13 -2.454001684e-13)
(1708340.926 2.739239148e-29 4.934574562e-13)
(1755924.167 -2.479842485e-13 -2.479842485e-13)
(1803694.799 0 -1.106514901e-28)
(1851637.594 2.502692735e-13 2.502692735e-13)
(1899737.005 8.718837222e-25 -8.718837222e-25)
(1947977.151 -2.522414583e-13 -2.522414583e-13)
(1996341.838 2.531059356e-13 -2.531059356e-13)
(2044814.553 -8.808194624e-25 5.077740987e-13)
(2093378.456 -2.545830898e-13 -2.545830898e-13)
(2142016.396 0 -1.770809324e-24)
(2190710.902 2.55713139e-13 2.55713139e-13)
(2239444.187 -8.886203026e-25 8.886203026e-25)
(2288198.155 -2.564825239e-13 -2.564825239e-13)
(2336954.397 2.56727764e-13 -2.56727764e-13)
(2385694.199 8.911669058e-25 5.137556253e-13)
(2434398.537 -2.569310146e-13 -2.569310146e-13)
(2483048.086 0 1.782445764e-24)
(2531623.22 2.567403191e-13 2.567403191e-13)
(2580104.014 -5.695292531e-29 5.695292531e-29)
(2628470.255 -2.561426872e-13 -2.561426872e-13)
(2676701.436 2.556872735e-13 -2.556872735e-13)
(2724776.754 8.851722278e-25 5.102507203e-13)
(2772675.131 -2.544553941e-13 -2.544553941e-13)
(2820375.215 0 -1.760342401e-24)
(2867855.37 2.527851852e-13 2.527851852e-13)
(2915093.694 -8.735440594e-25 -5.035638657e-13)
(2962068.017 -2.506646111e-13 2.506646111e-13)
(3008755.909 2.494317704e-13 2.494317704e-13)
(3055134.688 -5.50852666e-29 5.50852666e-29)
(3101181.417 -2.466138582e-13 -2.466138582e-13)
(3146872.918 0 -1.700263917e-24)
(3192185.767 2.43317106e-13 2.43317106e-13)
(3237096.314 8.378758611e-25 -4.82971639e-13)
(3281580.684 -2.395308687e-13 2.395308687e-13)
(3325614.78 2.374509987e-13 2.374509987e-13)
(3369174.29 -8.161438878e-25 8.161438878e-25)
(3412234.699 -2.329116483e-13 -2.329116483e-13)
(3454771.294 0 1.599066916e-24)
(3496759.172 2.278584157e-13 2.278584157e-13)
(3538173.248 2.499515383e-29 -4.502726619e-13)
(3578988.258 -2.222825382e-13 2.222825382e-13)
(3619178.78 2.192960422e-13 2.192960422e-13)
(3658719.23 7.50058783e-25 -7.50058783e-25)
(3697583.875 -2.129211723e-13 -2.129211723e-13)
(3735746.85 0 1.453867037e-24)
(3773182.159 2.06004637e-13 2.06004637e-13)
(3809863.684 -7.019672564e-25 -4.046824724e-13)
(3845765.202 -1.98540107e-13 1.98540107e-13)
(3880860.393 1.946005845e-13 1.946005845e-13)
(3915122.846 6.609638657e-25 -6.609638657e-25)
(3948526.087 -1.863039694e-13 -1.863039694e-13)
(3981043.57 0 -1.262583558e-24)
(4012648.692 0 1.774471745e-13)
(4043314.823 0 -3.456152934e-13)
(4073015.304 0 1.680269209e-13)
(4101723.46 1.631047433e-13 1.631047433e-13)
(4129412.618 5.483321562e-25 -5.483321562e-25)
(4156056.118 -1.528353496e-13 -1.528353496e-13)
(4181627.333 1.474879629e-13 -1.474879629e-13)
(4206099.676 1.477940247e-24 2.839975741e-13)
(4229446.617 -1.363679172e-13 -1.363679172e-13)
(4251641.708 0 -5.799606319e-29)
(4272658.583 1.246818563e-13 1.246818563e-13)
(4292470.984 -4.115577499e-25 4.115577499e-25)
(4311052.778 -1.124320893e-13 -1.124320893e-13)
(4328377.974 1.060968954e-13 -1.060968954e-13)
(4344420.733 3.456340757e-25 1.992444793e-13)
(4359155.398 -9.300879191e-14 -9.300879191e-14)
(4372556.505 0 -5.986069535e-25)
(4384598.81 7.936865752e-14 7.936865752e-14)
(4395257.276 2.510089444e-25 -2.510089444e-25)
(4404507.185 -6.518370827e-14 -6.518370827e-14)
(4412323.904 5.788961299e-14 -5.788961299e-14)
(4418683.769 -1.750779412e-25 1.009255617e-13)
(4423561.22 -4.290424505e-14 -4.290424505e-14)
(4426936.837 0 -2.443487924e-25)
(4428782.354 2.740048561e-14 2.740048561e-14)
(4429073.474 1.349825471e-25 -1.349825471e-25)
(4427920.34 -1.143534893e-14 -1.143534893e-14)
(4424182.939 2.877673158e-15 -2.877673158e-15)
(4416722.427 -2.313900286e-26 -1.333872699e-14)
(4406186.498 1.699682435e-14 1.699682435e-14)
(4394627.124 0 -1.916071634e-25)
(4383222.05 -3.823094717e-14 -3.823094717e-14)
(4371357.106 3.396470065e-25 9.789658444e-14)
(4358597.332 5.979336318e-14 -5.979336318e-14)
(4344513.88 -7.079934823e-14 -7.079934823e-14)
(4328647.922 -2.845150459e-25 2.845150459e-25)
(4310538.844 9.3462477e-14 9.3462477e-14)
(4289716.506 0 0)
(4265697.332 -1.172779629e-13 -1.172779629e-13)
(4238019.13 4.500283611e-25 2.594319894e-13)
(4206161.073 1.425573026e-13 -1.425573026e-13)
(4169537.636 -1.558852593e-13 -1.558852593e-13)
(4130086.429 -1.174129587e-24 1.174129587e-24)
(4089981.657 1.820104699e-13 1.820104699e-13)
(4049213.334 0 0)
(4008089.675 -2.058208749e-13 -2.058208749e-13)
(3966125.858 7.524522388e-25 4.337591837e-13)
(3922082.673 2.279466145e-13 -2.279466145e-13)
(3875500.514 -2.391953264e-13 -2.391953264e-13)
(3826426.987 2.6976968e-46 -2.6976968e-46)
(3774843.206 2.621395612e-13 2.621395612e-13)
(3720735.441 0 6.080252407e-29)
(3664090.299 -2.856611865e-13 -2.856611865e-13)
(3604893.744 1.032607033e-24 5.952574272e-13)
(3543132.708 3.097288911e-13 -3.097288911e-13)
(3478794.258 -3.219577617e-13 -3.219577617e-13)
(3411865.996 -3.711601163e-29 3.711601163e-29)
(3342335.946 3.467854697e-13 3.467854697e-13)
(3270192.633 -3.593760966e-13 3.593760966e-13)
(3195425.08 -2.581816671e-24 -7.441579901e-13)
(3118022.845 3.848899001e-13 3.848899001e-13)
(3037976.048 0 1.766606779e-28)
(2955275.389 -4.10818341e-13 -4.10818341e-13)
(2869912.179 2.941443351e-24 -2.941443351e-24)
(2781878.356 4.371259514e-13 4.371259514e-13)
(2691166.517 -4.504105547e-13 4.504105547e-13)
(2597769.93 1.60904671e-24 -9.275522771e-13)
(2501682.568 4.772179473e-13 4.772179473e-13)
(2402899.138 0 0)
(2301415.087 0 -5.043108399e-13)
(2197226.636 0 1.797122123e-24)
(2090330.793 0 5.316496809e-13)
(1980725.387 -5.453986367e-13 5.453986367e-13)
(1868409.092 -1.241659417e-28 -1.118387377e-12)
(1753381.431 5.730295445e-13 5.730295445e-13)
(1635642.809 0 -4.072051658e-24)
(1515194.539 -6.008021026e-13 -6.008021026e-13)
(1392038.859 -4.265531137e-24 4.265531137e-24)
(1266178.947 6.286723812e-13 6.286723812e-13)
(1137618.948 -6.426300898e-13 6.426300898e-13)
(1006363.992 9.690957984e-70 -1.313190356e-12)
(872420.2127 6.705617962e-13 6.705617962e-13)
(735794.774 0 -4.749839511e-24)
(596495.8839 0 -6.984758233e-13)
(454532.8184 0 1.424822268e-12)
(309915.9301 0 -7.263237784e-13)
(162656.6764 -7.402075102e-13 -7.402075102e-13)
(12767.63895 1.674340676e-28 -1.674340676e-28)
(-139737.4667 7.678628587e-13 7.678628587e-13)
(-294843.7668 0 5.423762862e-24)
(-452535.2094 -7.953256509e-13 -7.953256509e-13)
(-612794.556 -2.806493323e-24 1.6179368e-12)
(-775603.3581 8.225431331e-13 -8.225431331e-13)
(-940941.9465 -8.360430683e-13 -8.360430683e-13)
(-1108789.41 -5.894133571e-24 5.894133571e-24)
(-1279123.579 8.627910536e-13 8.627910536e-13)
(-1451921.017 0 6.078645766e-24)
(-1627157.003 -8.891566549e-13 -8.891566549e-13)
(-1804805.513 -3.129959755e-24 1.804356694e-12)
(-1984839.21 9.150830491e-13 -9.150830491e-13)
(-2167229.43 -9.278634881e-13 -9.278634881e-13)
(-2351946.17 2.961144021e-46 -2.961144021e-46)
(-2538958.081 9.530221646e-13 9.530221646e-13)
(-2728232.443 0 6.698707824e-24)
(-2919735.164 -9.775949228e-13 -9.775949228e-13)
(-3113430.77 -2.197448303e-28 1.979285471e-12)
(-3309282.383 1.001521335e-12 -1.001521335e-12)
(-3507251.73 -1.013223024e-12 -1.013223024e-12)
(-3707299.124 -3.555281251e-24 3.555281251e-24)
(-3909383.447 1.036064613e-12 1.036064613e-12)
(-4113462.159 0 -1.453196712e-23)
(-4319491.291 -1.058104867e-12 -1.058104867e-12)
(-4527425.42 3.708279878e-24 2.137609405e-12)
(-4737217.684 1.079280362e-12 -1.079280362e-12)
(-4948819.774 -1.089523804e-12 -1.089523804e-12)
(-5162181.922 -3.662160386e-28 3.662160386e-28)
(-5377252.905 1.109281656e-12 1.109281656e-12)
(-5593980.041 -1.118779778e-12 1.118779778e-12)
(-5812309.188 -7.827163267e-24 -2.256026213e-12)
(-6032184.746 1.136973402e-12 1.136973402e-12)
(-6253549.659 0 7.949306023e-24)
(-6476345.411 -1.154041772e-12 -1.154041772e-12)
(-6700512.037 -4.031701432e-24 4.031701432e-24)
(-6925988.117 1.169918296e-12 1.169918296e-12)
(-7152710.79 0 1.177388664e-12)
(-7380615.756 0 -2.369071732e-12)
(-7609637.278 0 1.191351431e-12)
(-7839708.19 0 1.662318698e-23)
(-8070759.913 -1.203953614e-12 -1.203953614e-12)
(-8302722.456 -4.197070209e-24 4.197070209e-24)
(-8535524.425 1.215126784e-12 1.215126784e-12)
(-8769093.031 -1.220155941e-12 1.220155941e-12)
(-9003354.098 -4.249521195e-24 -2.449603798e-12)
(-9238232.074 1.229055914e-12 1.229055914e-12)
(-9473650.042 0 8.55557355e-24)
(-9709529.713 -1.236352847e-12 -1.236352847e-12)
(-9945791.44 -4.300093693e-24 4.300093693e-24)
(-10182354.22 1.241975513e-12 1.241975513e-12)
(-10419135.7 -1.244136384e-12 1.244136384e-12)
(-10656052.13 -4.322138547e-24 -2.491702707e-12)
(-10893018.43 1.247111071e-12 1.247111071e-12)
(-11129948.07 0 8.659087646e-24)
(-11366753.15 -1.248226613e-12 -1.248226613e-12)
(-11603344.29 -5.133496008e-72 2.496125848e-12)
(-11839630.59 1.247404902e-12 -1.247404902e-12)
(-12075519.59 0 -1.246242217e-12)
(-12310917.2 0 0)
(-12545727.53 0 1.242360035e-12)
(-12779852.81 0 -8.601579397e-24)
(-13013193.24 -1.236327058e-12 -1.236327058e-12)
(-13245646.74 4.276003943e-24 2.46494845e-12)
(-13477108.76 1.228046874e-12 -1.228046874e-12)
(-13707471.93 -1.223031497e-12 -1.223031497e-12)
(-13936625.77 -4.223617601e-24 4.223617601e-24)
(-14164456.19 1.211178844e-12 1.211178844e-12)
(-14390845.03 0 1.671263023e-23)
(-14615669.44 -1.196791619e-12 -1.196791619e-12)
(-14838801.18 -1.319615569e-28 2.377208073e-12)
(-15060105.69 1.179728101e-12 -1.179728101e-12)
(-15279441.21 0 -1.170142708e-12)
(-15496657.49 0 1.287664523e-28)
(-15711594.48 0 1.148750647e-12)
(-15924080.68 0 1.577705117e-23)
(-16133931.32 -1.124222457e-12 -1.124222457e-12)
(-16340946.15 -3.853544235e-24 2.221417009e-12)
(-16544906.97 1.096316879e-12 -1.096316879e-12)
(-16745574.73 -1.081010713e-12 -1.081010713e-12)
(-16942686.28 -3.693975617e-24 3.693975617e-24)
(-17135950.57 1.047491672e-12 1.047491672e-12)
(-17325044.5 -1.029188903e-12 1.029188903e-12)
(-17509608.08 -7.006836429e-24 -2.0195831e-12)
(-17689237.74 9.892455496e-13 9.892455496e-13)
(-17863482.72 0 1.342709813e-23)
(-18031838.93 -9.444744084e-13 -9.444744084e-13)
(-18193739.05 -3.192526661e-24 3.192526661e-24)
(-18348546.2 8.943760267e-13 8.943760267e-13)
(-18495545.81 -8.671605224e-13 8.671605224e-13)
(-18633937.71 -2.908996288e-24 -1.676814873e-12)
(-18762826.46 8.080463162e-13 8.080463162e-13)
(-18881212.7 0 5.384638623e-24)
(-18987986.26 -7.422276189e-13 -7.422276189e-13)
(-19081918.43 -7.35484291e-24 7.35484291e-24)
(-19161656.35 6.692086254e-13 6.692086254e-13)
(-19225719.39 -6.298799218e-13 6.298799218e-13)
(-19272498.17 -2.04223807e-24 -1.177270094e-12)
(-19300257.23 5.454700134e-13 5.454700134e-13)
(-19307141.94 0 3.472255814e-24)
(-19291190.45 -4.534877821e-13 -4.534877821e-13)
(-19250351.37 -2.808774866e-24 2.808774866e-24)
(-19182507.66 3.544595149e-13 3.544595149e-13)
(-19085506.43 -3.026238819e-13 3.026238819e-13)
(-18957195.97 -8.656042673e-25 -4.989868871e-13)
(-18795467.92 1.953120482e-13 1.953120482e-13)
(-18598303.45 0 -9.738938912e-25)
(-18363823.45 -8.49836843e-14 -8.49836843e-14)
(-18090339.55 3.278201482e-30 -3.278201482e-30)
(-17776405.44 -2.560887317e-14 -2.560887317e-14)
(-17420861.87 8.001005787e-14 -8.001005787e-14)
(-17022877.39 9.24631735e-25 2.664984248e-13)
(-16581983.29 -1.848980776e-13 -1.848980776e-13)
(-16098095.77 0 -1.627439333e-24)
(-15571528.32 2.817749806e-13 2.817749806e-13)
(-15002992.77 -1.131882637e-24 -6.524859164e-13)
(-14393587.48 -3.67621019e-13 3.67621019e-13)
(-13744780.82 4.056366661e-13 4.056366661e-13)
(-13058373.16 4.885798908e-29 -4.885798908e-29)
(-12336476.36 -4.707734432e-13 -4.707734432e-13)
(-11581400.29 0 3.452984138e-24)
(-10795732.63 5.206428674e-13 5.206428674e-13)
(-9981903.363 -5.618174003e-24 -1.079563786e-12)
(-9142138.68 -5.551909081e-13 5.551909081e-13)
(-8277837.167 5.668985162e-13 5.668985161e-13)
(-7389022.059 -1.994579922e-24 1.994579922e-24)
(-6472018.845 -5.799912833e-13 -5.799912833e-13)
(-5527986.228 0 0)
(-4580515.768 5.818980024e-13 5.818980024e-13)
(-3655979.663 2.000281084e-24 -1.153120438e-12)
(-2747904.168 -5.687884957e-13 5.687884957e-13)
(-1819369.877 5.602700475e-13 5.602700475e-13)
(-879425.9124 1.907856009e-24 -1.907856009e-24)
(62882.42863 -5.376933335e-13 -5.376933335e-13)
(1004829.541 0 3.635457287e-24)
(1942258.194 5.084879968e-13 5.084879968e-13)
(2874872.265 -5.123658442e-24 -9.845608392e-13)
(3797987.683 -4.753447222e-13 4.753447222e-13)
(4709279.58 4.562228548e-13 4.562228548e-13)
(5624870.872 1.521952015e-24 -1.521952015e-24)
(6532795.947 -4.218135087e-13 -4.218135087e-13)
(7410947.245 4.022437882e-13 -4.022437882e-13)
(8254384.105 8.500827413e-29 7.656864634e-13)
(9086341.281 -3.647995547e-13 -3.647995547e-13)
(9900153.104 0 2.40690886e-24)
(10699977.98 0 3.286968819e-13)
(11475576.31 0 -1.080118958e-24)
(12232656.97 0 -2.950311495e-13)
(12966588.52 0 -2.802669862e-13)
(13670357.91 0 5.296897754e-13)
(14329106.05 0 -2.495775487e-13)
(14962113.5 0 -5.242550016e-29)
(15562798.64 2.233382903e-13 2.233382903e-13)
(16127535.34 7.327640077e-25 -7.327640077e-25)
(16652034.41 -1.998138912e-13 -1.998138912e-13)
(17133076.35 1.889020133e-13 -1.889020133e-13)
(17570437.72 6.194465811e-25 3.570866422e-13)
(17962449.5 -1.684926544e-13 -1.684926544e-13)
(18317414.7 0 1.105645648e-24)
(18639422.23 1.512057411e-13 1.512057411e-13)
(18926382.36 6.365242032e-29 -6.365242032e-29)
(19183193.48 -1.361636001e-13 -1.361636001e-13)
(19414497.42 1.296575679e-13 -1.296575679e-13)
(19621964.93 8.569785478e-25 2.470072492e-13)
(19812442.96 -1.181219261e-13 -1.181219261e-13)
(19988242.78 0 -7.872909486e-25)
(20145786.45 1.089904331e-13 1.089904331e-13)
(20285210.83 -3.639708655e-25 -2.098216333e-13)
(20407300.8 -1.011213798e-13 1.011213798e-13)
(20512322.12 0 9.743069679e-14)
(20604930.82 0 0)
(20689075.11 0 -9.080201781e-14)
(20769710.85 0 -1.219314272e-24)
(20852324.87 8.584928217e-14 8.584928217e-14)
(20929999.52 2.915002347e-25 -1.680384446e-13)
(20991200.96 -8.139664092e-14 8.139664092e-14)
(21043042.25 7.90541085e-14 7.90541085e-14)
(21092430.98 5.351159242e-25 -5.351159242e-25)
(21136423.8 -7.517268617e-14 -7.517268617e-14)
(21174715.94 0 0)
(21207374.36 7.137906113e-14 7.137906113e-14)
(21234692.32 1.104439983e-70 -1.391294848e-13)
(21256753.67 -6.777355267e-14 6.777355267e-14)
(21273871.88 6.601042339e-14 6.601042339e-14)
(21286743.44 4.461896357e-25 -4.461896357e-25)
(21295669.45 -6.263418693e-14 -6.263418693e-14)
(21300896.82 0 -1.354524106e-29)
(21302684.25 5.940680119e-14 5.940680119e-14)
(21301229.11 2.568872266e-29 -1.156917218e-13)
(21296711.45 -5.631794197e-14 5.631794197e-14)
(21289276.08 5.48216398e-14 5.48216398e-14)
(21279051.29 -5.923677263e-30 5.923677263e-30)
(21266145.15 -5.191904992e-14 -5.191904992e-14)
(21250651.9 0 -7.009520833e-25)
(21232653.44 4.91292398e-14 4.91292398e-14)
(21212221.83 8.852998133e-71 -9.554858795e-14)
(21189421.15 -4.644492628e-14 4.644492628e-14)
(21164308.85 4.514045057e-14 4.514045057e-14)
(21136936.82 -4.869465055e-30 4.869465055e-30)
(21107352.17 -4.260373609e-14 -4.260373609e-14)
(21075598.25 4.137045342e-14 -4.137045342e-14)
(21041714.86 4.458650469e-30 8.031990636e-14)
(21005738.72 -3.897183445e-14 -3.897183445e-14)
(20967704.04 0 -8.394564558e-30)
(20927642.76 3.666141879e-14 3.666141879e-14)
(20885584.74 2.465942754e-25 -2.465942754e-25)
(20841558 -3.443691376e-14 -3.443691376e-14)
(20795588.92 0 -3.335630796e-14)
(20747702.39 0 6.459310621e-14)
(20697921.95 0 -3.125749455e-14)
(20646269.91 0 -2.098386347e-25)
(20592767.48 2.924095214e-14 2.924095214e-14)
(20537434.86 -3.137851806e-30 3.137851806e-30)
(20480291.31 -2.730582926e-14 -2.730582926e-14)
(20421355.28 2.636860101e-14 -2.636860101e-14)
(20360644.44 2.825685639e-30 5.090302716e-14)
(20298175.74 -2.455451863e-14 -2.455451863e-14)
(20233965.53 0 -2.102991243e-29)
(20168029.55 2.282065452e-14 2.282065452e-14)
(20100383.03 2.440683924e-30 -2.440683924e-30)
(20031040.68 -2.116677074e-14 -2.116677074e-14)
(19960016.81 2.036977006e-14 -2.036977006e-14)
(19887325.28 6.797586834e-26 3.91854202e-14)
(19812979.63 -1.883557889e-14 -1.883557889e-14)
(19736993.03 0 0)
(19659378.36 1.738106186e-14 1.738106186e-14)
(19580148.22 5.787935895e-26 -3.336731431e-14)
(19499314.96 -1.600614214e-14 1.600614214e-14)
(19416890.69 1.534850626e-14 1.534850626e-14)
(19332887.34 -3.266439914e-30 3.266439914e-30)
(19247316.63 -1.409282233e-14 -1.409282233e-14)
(19160190.12 0 9.363860112e-26)
(19071519.24 0 1.291648592e-14)
(18981315.25 0 -2.471604981e-14)
(18889589.33 0 1.181933705e-14)
(18796352.53 1.130039435e-14 1.130039435e-14)
(18701615.81 3.747287047e-26 -3.747287047e-26)
(18605390.05 -1.032161403e-14 -1.032161403e-14)
(18507686.08 0 -6.842929924e-26)
(18408514.65 9.421383274e-15 9.421383274e-15)
(18307886.46 7.28639411e-72 -1.800122338e-14)
(18205812.17 -8.599333958e-15 8.599333958e-15)
(18102302.42 0 8.217492807e-15)
(17997367.82 0 2.725172498e-26)
(17891018.93 0 -7.511867829e-15)
(17783266.34 0 -9.975597959e-26)
(17674120.62 0 6.883184144e-15)
(17563592.32 0 -1.319500303e-14)
(17451692.01 0 6.330811885e-15)
(17338430.28 6.083024332e-15 6.083024332e-15)
(17223817.69 -2.031029169e-26 2.031029169e-26)
(17107864.86 -5.643767232e-15 -5.643767232e-15)
(16990582.42 5.45209145e-15 -5.45209145e-15)
(16871981 5.860762226e-31 1.055781063e-14)
(16752071.28 -5.124093702e-15 -5.124093702e-15)
(16630863.96 0 -3.460577337e-26)
(16508369.78 0 4.869109906e-15)
(16384599.49 0 -1.654469642e-26)
(16259563.91 0 -4.686125567e-15)
(16133273.86 0 -4.621296242e-15)
(16005740.23 0 9.148107162e-15)
(15876973.94 0 -4.544250719e-15)
(15746985.94 0 3.144523969e-26)
(15615787.24 4.536356083e-15 4.536356083e-15)
(15483388.9 5.060340749e-31 -5.060340749e-31)
(15349801.99 -4.596354236e-15 -4.596354236e-15)
(15215037.68 4.6514039e-15 -4.6514039e-15)
(15079107.11 3.277190006e-26 9.445857082e-15)
(14942021.52 -4.810747235e-15 -4.810747235e-15)
(14803792.13 0 -6.820718716e-26)
(14664430.27 5.034567093e-15 5.034567093e-15)
(14523947.3 2.296027897e-30 -2.296027897e-30)
(14382354.72 -5.321392993e-15 -5.321392993e-15)
(14239664.01 0 -5.487965226e-15)
(14095886.69 0 1.133943752e-14)
(13951034.34 0 -5.866456485e-15)
(13805118.56 0 -4.217714809e-26)
(13658151.03 6.304082862e-15 6.304082861e-15)
(13510143.46 -2.27052912e-26 -1.30891281e-14)
(13361107.6 -6.799214809e-15 6.799214809e-15)
(13211055.26 7.067825448e-15 7.067825448e-15)
(13059998.3 8.160343482e-31 -8.160343482e-31)
(12907948.62 -7.646076341e-15 -7.646076341e-15)
(12754918.15 0 -5.520088878e-26)
(12600918.89 8.27759641e-15 8.27759641e-15)
(12445962.88 2.98816058e-26 -1.722557296e-14)
(12290062.19 -8.960635284e-15 8.960635284e-15)
(12133228.94 9.320919867e-15 9.320919867e-15)
(11975475.3 1.008923763e-25 -1.008923763e-25)
(11816813.47 -1.007789751e-14 -1.007789751e-14)
(11657255.7 0 -7.267893139e-26)
(11496814.27 1.088190885e-14 1.088190885e-14)
(11335501.51 -7.841505561e-26 -2.26019626e-14)
(11173329.79 -1.173112518e-14 1.173112518e-14)
(11010311.51 1.217210958e-14 1.217210958e-14)
(10846459.1 4.379446425e-26 -4.379446425e-26)
(10681785.05 -1.308567267e-14 -1.308567268e-14)
(10516301.87 0 -1.881490715e-25)
(10350022.11 1.40398105e-14 1.40398105e-14)
(10182958.34 5.041953511e-26 -2.906302311e-14)
(10015123.17 -1.503265559e-14 1.503265559e-14)
(9846529.264 1.554300854e-14 1.554300854e-14)
(9677189.285 -1.238965282e-47 1.238965282e-47)
(9507115.943 -1.659040447e-14 -1.659040447e-14)
(9336321.973 0 -1.188346851e-25)
(9164820.139 1.76718262e-14 1.76718262e-14)
(8992623.236 6.323371831e-26 -3.644942406e-14)
(8819744.08 -1.878540318e-14 1.878540317e-14)
(8646195.516 1.935366658e-14 1.935366658e-14)
(8471990.413 6.913911874e-26 -6.913911874e-26)
(8297141.665 -2.051198038e-14 -2.051198038e-14)
(8121662.185 2.11015672e-14 -2.11015672e-14)
(7945564.913 1.505563191e-25 4.33955988e-14)
(7768862.809 -2.230044694e-14 -2.230044694e-14)
(7591568.851 0 -3.179301343e-25)
(7413696.037 0 2.352407178e-14)
(7235257.384 0 -8.377910757e-26)
(7056265.927 0 -2.477061823e-14)
(6876734.717 2.540192145e-14 -2.540192145e-14)
(6696676.821 -4.472934877e-71 5.207655693e-14)
(6516105.319 -2.667946601e-14 -2.667946601e-14)
(6335033.308 0 0)
(6153473.896 2.797544579e-14 2.797544579e-14)
(5971440.203 -1.55396849e-47 1.55396849e-47)
(5788945.362 -2.928809957e-14 -2.928809957e-14)
(5606002.514 2.995013461e-14 -2.995013461e-14)
(5422624.811 -1.062161044e-25 6.123137484e-14)
(5238825.413 -3.128454406e-14 -3.128454406e-14)
(5054617.49 0 2.217214211e-25)
(4870014.215 3.263132071e-14 3.263132071e-14)
(4685028.772 -1.607469009e-47 1.607469009e-47)
(4499674.345 -3.398878377e-14 -3.398878377e-14)
(4313964.126 3.467100446e-14 -3.467100446e-14)
(4127911.311 2.45326524e-25 7.071055628e-14)
(3941529.096 -3.604140208e-14 -3.604140208e-14)
(3754830.682 0 2.548598505e-25)
(3567829.269 3.74183985e-14 3.74183985e-14)
(3380538.058 -5.040248583e-71 -7.621774852e-14)
(3192970.251 -3.88004069e-14 3.88004069e-14)
(3005139.046 3.94928025e-14 3.94928025e-14)
(2817057.643 1.394138179e-25 -1.394138179e-25)
(2628739.236 -4.08794164e-14 -4.087941641e-14)
(2440197.017 0 -2.884816451e-25)
(2251444.174 0 4.226720203e-14)
(2062493.89 0 -8.59221387e-14)
(1873359.34 0 4.365467553e-14)
(1684053.695 4.434783989e-14 4.434783989e-14)
(1494590.12 4.687956654e-25 -4.687956654e-25)
(1304981.77 -4.573213e-14 -4.573213e-14)
(1115241.79 0 -3.221442218e-25)
(925383.3196 4.711253286e-14 4.711253286e-14)
(735419.4855 1.592087978e-29 -9.560169097e-14)
(545363.4049 -4.848767293e-14 4.848767293e-14)
(355228.1834 0 4.917284817e-14)
(165026.9143 0 1.729734624e-25)
(-25227.32172 0 -5.053758369e-14)
(-215521.4571 0 -7.107989015e-25)
(-405842.4384 5.189375516e-14 5.189375516e-14)
(-596177.2273 1.823826949e-25 -1.051364655e-13)
(-786512.8006 -5.324009723e-14 5.324009723e-14)
(-976836.1513 5.390919536e-14 5.390919536e-14)
(-1167134.288 1.893463713e-25 -1.893463713e-25)
(-1357394.239 -5.523848927e-14 -5.523848926e-14)
(-1547603.048 5.589838824e-14 -5.589838824e-14)
(-1737747.778 1.962268777e-25 1.131098545e-13)
(-1927815.513 -5.720796279e-14 -5.720796279e-14)
(-2117793.353 0 4.014531883e-25)
(-2307668.421 5.850295866e-14 5.850295866e-14)
(-2497427.862 4.10385259e-25 -4.10385259e-25)
(-2687058.839 -5.978226548e-14 -5.978226548e-14)
(-2876548.542 0 -6.041569677e-14)
(-3065884.178 0 1.220896062e-13)
(-3255052.983 0 -6.166945407e-14)
(-3444042.212 0 8.644407578e-25)
(-3632839.149 6.290487774e-14 6.290487774e-14)
(-3821431.099 7.051625823e-30 -7.051625823e-30)
(-4009805.396 -6.412096142e-14 -6.412096142e-14)
(-4197949.397 6.47214441e-14 -6.47214441e-14)
(-4385850.489 -4.429066635e-71 1.306334547e-13)
(-4573496.084 -6.590669338e-14 -6.590669338e-14)
(-4760873.623 0 -4.613460356e-25)
(-4947970.573 6.707021119e-14 6.707021119e-14)
(-5134774.435 4.693562992e-25 -4.693562992e-25)
(-5321272.734 -6.821108938e-14 -6.821108938e-14)
(-5507453.029 6.877276223e-14 -6.877276223e-14)
(-5693302.906 -1.539400758e-29 1.386568936e-13)
(-5878809.986 -6.987803703e-14 -6.987803703e-14)
(-6063961.919 0 -6.254679309e-29)
(-6248746.388 7.095851837e-14 7.095851837e-14)
(-6433151.106 2.480121318e-25 -2.480121318e-25)
(-6617163.825 -7.201338974e-14 -7.201338974e-14)
(-6800772.326 0 -7.253097335e-14)
(-6983964.425 0 1.46083719e-13)
(-7166727.973 0 -7.354595298e-14)
(-7349050.857 0 -5.137611917e-25)
(-7530920.999 7.453338877e-14 7.453338877e-14)
(-7712326.357 2.602659339e-25 -1.50033096e-13)
(-7893254.927 -7.54925485e-14 7.54925485e-14)
(-8073694.741 7.596130225e-14 7.596130225e-14)
(-8253633.868 5.30272195e-25 -5.30272195e-25)
(-8433060.418 -7.687672445e-14 -7.687672445e-14)
(-8611962.536 0 -3.433840937e-29)
(-8790328.41 0 7.776213814e-14)
(-8968146.266 0 -1.563867723e-13)
(-9145404.37 0 7.861688788e-14)
(-9322091.027 7.90325646e-14 7.90325646e-14)
(-9498194.59 3.527859732e-29 -3.527859732e-29)
(-9673703.443 -7.98401344e-14 -7.98401344e-14)
(-9848606.023 0 -5.567026618e-25)
(-10022890.8 8.061549055e-14 8.061549055e-14)
(-10196546.3 2.810116311e-25 -1.619818094e-13)
(-10369561.07 -8.135804723e-14 8.135804723e-14)
(-10541923.73 8.171684779e-14 8.171684779e-14)
(-10713622.93 -2.847188146e-25 2.847188146e-25)
(-10884647.36 -8.240914727e-14 -8.240914727e-14)
(-11054985.75 0 5.740863884e-25)
(-11224626.91 8.306726279e-14 8.306726279e-14)
(-11393559.66 1.851482022e-29 -1.667666749e-13)
(-11561772.88 -8.369067126e-14 8.369067126e-14)
(-11729255.51 8.398920148e-14 8.398920148e-14)
(-11895996.51 2.923916992e-25 -2.923916992e-25)
(-12061984.91 -8.455960523e-14 -8.455960523e-14)
(-12227209.8 8.483135827e-14 -8.483135827e-14)
(-12391660.28 -4.646913039e-72 1.701881335e-13)
(-12555325.53 -8.534767289e-14 -8.534767289e-14)
(-12718194.79 0 5.939146385e-25)
(-12880257.31 8.582735168e-14 8.582735168e-14)
(-13041502.44 -2.985287447e-25 2.985287447e-25)
(-13201919.54 -8.626995123e-14 -8.626995123e-14)
(-13361498.04 8.647721179e-14 -8.647721179e-14)
(-13520227.44 3.006952179e-25 1.733500859e-13)
(-13678097.27 -8.686339338e-14 -8.686339338e-14)
(-13835097.11 0 -6.039766786e-25)
(-13991216.62 8.721145114e-14 8.721145114e-14)
(-14146445.49 3.031195583e-25 -3.031195583e-25)
(-14300773.48 -8.752099197e-14 -8.752099196e-14)
(-14454190.4 8.766119949e-14 -8.766119949e-14)
(-14606686.12 9.746829639e-30 1.755832733e-13)
(-14758250.57 -8.791225816e-14 -8.791225816e-14)
(-14908873.71 0 6.107628484e-25)
(-15058545.61 0 8.812387716e-14)
(-15207256.34 0 3.060565283e-25)
(-15354996.08 0 -8.829571093e-14)
(-15501755.03 8.836660398e-14 -8.836660398e-14)
(-15647523.48 9.203631676e-25 1.768548542e-13)
(-15792291.75 -8.847814085e-14 -8.847814085e-14)
(-15936050.25 0 0)
(-16078789.44 8.854908625e-14 8.854908625e-14)
(-16220499.83 -3.072862903e-25 -1.771384861e-13)
(-16361172.02 -8.857914068e-14 8.857914068e-14)
(-16500796.64 8.857874379e-14 8.857874379e-14)
(-16639364.41 -1.966605054e-29 1.966605054e-29)
(-16776866.1 -8.854692912e-14 -8.854692912e-14)
(-16913292.54 0 -6.142189339e-25)
(-17048634.65 8.847353251e-14 8.847353251e-14)
(-17182883.39 1.215186016e-72 -1.768423228e-13)
(-17316029.79 -8.835830097e-14 8.835830097e-14)
(-17448064.96 8.828492172e-14 8.828492172e-14)
(-17578980.05 9.792277543e-30 -9.792277543e-30)
(-17708766.33 -8.810649305e-14 -8.810649305e-14)
(-17837415.06 0 -6.106323014e-25)
(-17964917.65 8.788565672e-14 8.788565673e-14)
(-18091265.53 3.044761361e-25 -1.755185425e-13)
(-18216450.2 -8.762220831e-14 8.762220831e-14)
(-18340463.25 0 8.747444462e-14)
(-18463296.33 0 0)
(-18584941.18 0 -8.714672644e-14)
(-18705389.56 0 0)
(-18824633.37 0 8.677594921e-14)
(-18942664.54 0 -1.731487306e-13)
(-19059475.08 0 8.636196092e-14)
(-19175057.08 8.61387195e-14 8.61387195e-14)
(-19289402.7 5.960830824e-25 -5.960830824e-25)
(-19402504.18 -8.565966465e-14 -8.565966465e-14)
(-19514353.83 0 -7.585383295e-29)
(-19624944.04 8.513708968e-14 8.513708968e-14)
(-19734267.28 -2.944059463e-25 -1.697189043e-13)
(-19842316.08 -8.457090079e-14 8.457090079e-14)
(-19949083.07 8.427142665e-14 8.427142665e-14)
(-20054560.95 8.738762924e-25 -8.738762924e-25)
(-20158742.49 -8.363968025e-14 -8.363968025e-14)
(-20261620.55 0 -8.330739601e-14)
(-20363188.07 0 1.659283303e-13)
(-20463438.05 0 -8.260998477e-14)
(-20562363.6 0 -1.141376625e-24)
(-20659957.91 8.186876984e-14 8.186876983e-14)
(-20756214.21 -1.809257935e-29 1.809257935e-29)
(-20851125.83 -8.108375343e-14 -8.108375343e-14)
(-20944686.16 8.067483122e-14 -8.067483122e-14)
(-21036888.79 2.784492586e-25 1.605099328e-13)
(-21127727.3 -7.982416513e-14 -7.982416513e-14)
(-21217195.3 0 0)
(-21305286.52 7.89298132e-14 7.89298132e-14)
(-21391994.92 8.711506368e-30 -8.711506368e-30)
(-21477314.43 -7.799184317e-14 -7.799184317e-14)
(-21561239.07 7.750653489e-14 -7.750653489e-14)
(-21643762.95 8.015330248e-25 1.540207293e-13)
(-21724880.27 -7.650334962e-14 -7.650334962e-14)
(-21804585.31 0 -1.054544512e-24)
(-21882872.46 0 7.545686303e-14)
(-21959736.16 0 5.198441298e-25)
(-22035170.97 0 -7.436724759e-14)
(-22109171.55 0 -7.380632811e-14)
(-22181732.61 0 1.464694078e-13)
(-22252849 0 -7.265240466e-14)
(-22322515.62 0 -4.999969599e-25)
(-22390727.49 7.145590884e-14 7.145590884e-14)
(-22457479.71 -2.457818018e-25 -1.416835624e-13)
(-22522767.47 -7.021711624e-14 7.021711624e-14)
(-22586586.08 6.958195341e-14 6.958195341e-14)
(-22648930.9 2.391633012e-25 -2.391633012e-25)
(-22709797.43 -6.828030227e-14 -6.828030227e-14)
(-22769181.23 0 4.691957278e-25)
(-22827077.98 0 6.693718508e-14)
(-22883483.45 0 -1.325003957e-13)
(-22938393.5 0 6.555299387e-14)
(-22991804.09 6.48456278e-14 6.48456278e-14)
(-23043711.28 -2.224678783e-25 2.224678783e-25)
(-23094111.23 -6.340063938e-14 -6.340063939e-14)
(-23143000.19 0 -4.347989522e-25)
(-23190374.52 6.191571644e-14 6.191571644e-14)
(-23236230.67 1.236881436e-70 -1.223168826e-13)
(-23280565.2 -6.039138154e-14 6.039138154e-14)
(-23323374.77 5.96146088e-14 5.96146088e-14)
(-23364656.13 2.041078407e-25 -2.041078407e-25)
(-23404406.13 -5.803222349e-14 -5.803222349e-14)
(-23442621.74 0 -3.971158787e-25)
(-23479300.01 5.641190988e-14 5.641190988e-14)
(-23514438.11 -3.856988937e-25 -1.111754736e-13)
(-23548033.31 -5.475433533e-14 5.475433533e-14)
(-23580082.97 0 5.391179573e-14)
(-23610584.57 0 -3.681791753e-25)
(-23639535.69 0 -5.21996774e-14)
(-23666934 5.133029348e-14 -5.133029348e-14)
(-23692777.29 1.120263018e-29 1.009043222e-13)
(-23717063.45 -4.956538492e-14 -4.956538492e-14)
(-23739790.49 0 3.377164708e-25)
(-23760956.49 4.776633511e-14 4.776633511e-14)
(-23780559.67 5.201870702e-30 -5.201870702e-30)
(-23798598.34 -4.593404196e-14 -4.593404196e-14)
(-23815070.93 4.500572319e-14 -4.500572318e-14)
(-23829975.96 1.528966282e-25 8.81389053e-14)
(-23843312.06 -4.312535661e-14 -4.312535661e-14)
(-23855077.97 0 -5.85257051e-25)
(-23865272.56 4.121420911e-14 4.121420911e-14)
(-23873894.76 4.189178674e-25 -4.189178674e-25)
(-23880943.66 -3.927335506e-14 -3.927335506e-14)
(-23886418.43 3.829213819e-14 -3.829213819e-14)
(-23890318.33 0 7.460784285e-14)
(-23892642.78 -3.630885394e-14 -3.630885394e-14)
(-23893391.26 0 2.449686204e-25)
(-23892563.39 0 3.429878041e-14)
(-23890158.88 0 0)
(-23886177.57 0 -3.226317891e-14)
(-23880619.39 3.123621431e-14 -3.123621431e-14)
(-23873484.38 1.047822683e-25 6.040673126e-14)
(-23864772.7 -2.916480605e-14 -2.916480605e-14)
(-23854484.63 0 0)
(-23842620.53 2.707126444e-14 2.707126444e-14)
(-23829180.89 7.557326301e-71 -5.203329263e-14)
(-23814166.32 -2.495704514e-14 2.495704514e-14)
(-23797577.5 2.38926517e-14 2.38926517e-14)
(-23779415.27 7.918547866e-26 -7.918547866e-26)
(-23759680.54 -2.175026881e-14 -2.175026881e-14)
(-23738374.36 0 0)
(-23715497.87 0 1.959109476e-14)
(-23691052.32 0 -3.701145138e-14)
(-23665039.08 0 1.741678347e-14)
(-23637459.63 1.632448371e-14 1.632448371e-14)
(-23608315.55 1.690763701e-30 -1.690763701e-30)
(-23577608.54 -1.413069164e-14 -1.413069164e-14)
(-23545340.4 0 -9.041134605e-26)
(-23511513.04 1.192614473e-14 1.192614473e-14)
(-23476128.5 3.754325697e-26 -2.164082915e-14)
(-23439188.89 -9.71269429e-15 9.71269429e-15)
(-23400696.46 8.603223966e-15 8.603223966e-15)
(-23360653.56 2.599478562e-26 -2.599478562e-26)
(-23319062.65 -6.380010532e-15 -6.380010532e-15)
(-23275926.28 0 -3.654785949e-26)
(-23231247.14 0 4.152762825e-15)
(-23185028.01 0 -6.076524416e-15)
(-23137271.76 0 1.923522889e-15)
(-23087981.4 8.088082906e-16 8.088082906e-16)
(-23037160.02 -1.060314931e-27 1.060314931e-27)
(-22984810.84 1.419477161e-15 1.419477161e-15)
(-22930937.16 0 0)
(-22875542.41 -3.644423856e-15 -3.644423856e-15)
(-22818630.1 1.957752025e-71 9.509907122e-15)
(-22760203.85 5.863812724e-15 -5.863812723e-15)
(-22700267.42 -6.97071663e-15 -6.97071663e-15)
(-22638824.61 -5.603598276e-26 5.603598276e-26)
(-22575879.38 9.17750594e-15 9.17750594e-15)
(-22511435.77 0 1.027680816e-14)
(-22445497.91 0 -2.274597781e-14)
(-22378070.04 0 1.246575018e-14)
(-22309156.52 0 9.405826978e-26)
(-22238761.77 -1.463981001e-14 -1.463981001e-14)
(-22166890.36 -5.45414431e-26 5.45414431e-26)
(-22093546.92 1.67965562e-14 1.67965562e-14)
(-22018736.18 -1.786766731e-14 1.786766731e-14)
(-21942462.99 -6.568885276e-26 -3.786704548e-14)
(-21864732.29 1.999380939e-14 1.999380939e-14)
(-21785549.09 0 1.460466387e-25)
(-21704918.54 -2.209641513e-14 -2.209641513e-14)
(-21622845.84 -8.028154731e-26 8.028154731e-26)
(-21539336.32 2.417294681e-14 2.417294681e-14)
(-21454395.39 0 5.040127131e-14)
(-21368028.54 0 -5.244168908e-14)
(-21280241.36 0 0)
(-21191039.54 0 1.959372296e-25)
(-21100428.86 0 -2.923336011e-14)
(-21008415.16 0 1.04848124e-25)
(-20915004.41 0 3.119836787e-14)
(-20820202.64 -3.216689568e-14 3.216689568e-14)
(-20724015.97 -1.149277626e-25 -6.625134449e-14)
(-20626450.61 3.407437233e-14 3.407437233e-14)
(-20527512.85 0 -2.429492093e-25)
(-20427209.07 -3.594024377e-14 -3.594024377e-14)
(-20325545.74 1.278807816e-25 7.371353392e-14)
(-20222529.38 3.776191771e-14 -3.776191771e-14)
(-20118166.63 0 0)
(-20012464.17 0 2.74324216e-25)
(-19905428.8 0 2.803365384e-25)
(-19797067.37 0 0)
(-19687386.8 -4.210587513e-14 -4.210587513e-14)
(-19576394.12 -1.489549483e-25 8.587217738e-14)
(-19464096.4 4.375271308e-14 -4.375271308e-14)
(-19350500.81 -4.455544055e-14 -4.455544055e-14)
(-19235614.56 -1.573084172e-25 1.573084172e-25)
(-19119444.96 4.611798872e-14 4.611798872e-14)
(-19001999.38 0 3.252551673e-25)
(-18883285.26 -4.762133506e-14 -4.762133506e-14)
(-18763310.11 -1.073587316e-29 9.67001487e-14)
(-18642081.5 4.906314167e-14 -4.906314167e-14)
(-18519607.07 0 1.104899632e-29)
(-18395894.52 0 -3.499721187e-25)
(-18270951.63 0 0)
(-18144786.23 0 1.077305677e-24)
(-18017406.2 -5.238373196e-14 -5.238373196e-14)
(-17888819.5 -1.838704314e-25 1.059940872e-13)
(-17759034.14 5.359282882e-14 -5.359282882e-14)
(-17628058.19 -5.417084763e-14 -5.417084763e-14)
(-17495899.77 1.215269382e-29 -1.215269382e-29)
(-17362567.07 5.527266285e-14 5.527266285e-14)
(-17228068.33 -5.579601696e-14 5.579601696e-14)
(-17092411.83 -1.953323652e-25 -1.126014422e-13)
(-16955605.92 5.678657547e-14 5.678657547e-14)
(-16817658.98 0 3.973006105e-25)
(-16678579.46 0 -1.201142863e-24)
(-16538375.89 0 8.06756005e-25)
(-16397056.84 0 -1.218589249e-24)
(-16254630.81 -5.892676366e-14 5.892676366e-14)
(-16111106.46 -6.171847134e-25 -1.185917248e-13)
(-15966492.4 5.96449889e-14 5.96449889e-14)
(-15820797.56 0 4.161800908e-25)
(-15674030.24 -6.028288275e-14 -6.028288275e-14)
(-15526200.61 1.344957225e-29 -1.344957225e-29)
(-15377314.58 6.083968994e-14 6.083968994e-14)
(-15227386.89 -6.108755078e-14 6.108755078e-14)
(-15076416.1 2.127424464e-25 -1.226298224e-13)
(-14924427.6 6.152163413e-14 6.152163413e-14)
(-14771411.29 0 1.284537404e-24)
(-14617388.51 0 -5.495478111e-29)
(-14462387.54 0 1.29105201e-24)
(-14306321.03 0 8.623678211e-25)
(-14149499.31 -6.225543782e-14 6.225543782e-14)
(-13991033.93 -6.917971806e-30 -1.24623101e-13)
(-13833853.84 6.247993315e-14 6.247993315e-14)
(-13668077.82 0 0)
(-13524980.82 -6.305684236e-14 -6.305684236e-14)
(-13320460.33 -2.144565904e-25 2.144565904e-25)
(-13238440.8 6.22222378e-14 6.22222378e-14)
(-12959207.96 -6.43695817e-14 6.43695817e-14)
(-12923855.98 -6.827738338e-30 -1.229975993e-13)
(-12611317.52 5.726458315e-14 5.726458315e-14)
(-12624214.9 0 -1.0119458e-24)
(-12066658.46 0 -3.162527624e-13)
(-10282197.28 -1.636963976e-13 4.168513846e-13)
(-8954976.827 -2.1390696e-13 -2.747418403e-15)
(-6146867.92 0 1.908061026e-13)
(-4078034.663 3.479898454e-13 -1.739949227e-13)
(-2047328.754 4.13215348e-15 1.567256563e-13)
(-199381.2208 -3.731119698e-15 1.471133435e-13)
(1478912.751 3.330315235e-15 -2.576256449e-13)
(2984345.269 -1.156387664e-13 -1.466427781e-15)
(4315145.355 1.271260921e-15 9.897615215e-14)
(5471314.008 -8.419308847e-14 -8.311170603e-14)
(6454799.4 0 -6.994313389e-14)
(7269033.433 0 0)
(7918978.066 4.290153205e-14 0)
(8410967.98 4.032854925e-16 0)
(8752582.07 1.969586611e-14 3.991101412e-14)
(8952500.09 1.008696014e-14 1.008696014e-14)
(9020351.316 -6.657569791e-16 -6.657569791e-16)
(8966557.821 7.544893386e-15 0)
(8802175.173 1.921335532e-16 0)
(8538732.273 -2.733945558e-16 2.101230098e-14)
(8188072.892 3.421473824e-16 -2.595452547e-14)
(7762200.545 -3.987349748e-16 -7.974699496e-16)
(7273128.635 4.435954584e-16 3.498095521e-14)
(6732738.028 -3.71619657e-14 -3.71619657e-14)
(6152642.593 0 0)
(5544065.236 0 0)
(4917724.638 0 0)
(4283734.324 0 -3.956402179e-14)
(3651514.245 0 -5.038596272e-16)
(3029716.173 0 3.788454282e-14)
(2426162.659 0 -3.565121803e-14)
(1847800.014 0 -4.365731006e-16)
(1300665.59 0 3.157885892e-14)
(789868.5395 2.857458077e-14 2.857458077e-14)
(319584.4471 2.615602341e-14 2.615602341e-14)
(-106937.3406 -4.593683654e-14 -2.296841827e-14)
(-487353.9981 -2.059657693e-14 -4.040958401e-14)
(-820198.0644 1.741107697e-14 -1.741107697e-14)
(-1104835.623 0 0)
(-1341415.352 1.161179971e-14 1.161179971e-14)
(-1530809.136 1.170687396e-16 9.114648113e-15)
(-1674545.71 -8.509214166e-17 0)
(-1774738.639 -4.207403962e-15 0)
(-1834009.977 -5.685776416e-17 2.184963139e-15)
(-1855410.933 3.281029421e-16 4.160710082e-18)
(-1842340.943 1.72269235e-17 1.72269235e-17)
(-1798466.469 2.706681189e-15 2.706681189e-15)
(-1727640.798 1.024091439e-16 1.024091439e-16)
(-1633826.101 -9.942264172e-15 -9.942264172e-15)
(-1521018.854 5.66539772e-15 5.66539772e-15)
(-1393179.648 6.301217864e-15 8.093264211e-17)
(-1254168.397 -6.584998141e-15 -6.670676345e-15)
(-1107685.586 -8.814662844e-17 6.774682234e-15)
(-957220.3609 1.370076551e-14 1.370076551e-14)
(-806005.9326 8.713858347e-17 6.784347802e-15)
(-656982.5323 -8.413855537e-17 -6.466672034e-15)
(-512768.374 7.980368281e-17 -6.21329373e-15)
(-375638.4142 -5.790978006e-15 0)
(-247511.0161 -5.234512461e-15 -5.234512461e-15)
(-129942.2404 -4.766233872e-15 -4.766233872e-15)
(-24127.28477 4.144889432e-15 4.144889432e-15)
(69091.18196 4.644521249e-17 3.616118888e-15)
(149208.5467 -3.89484714e-17 -2.993486649e-15)
(216038.303 2.460482614e-15 -3.160256058e-17)
(269687.2793 0 1.911289292e-15)
(310526.9095 -2.752466765e-15 -2.752466765e-15)
(339161.402 -2.354447886e-17 -2.354447886e-17)
(356393.6207 9.686699226e-16 9.686699226e-16)
(363189.5747 -1.002685496e-16 -1.002685496e-16)
(360642.3326 2.292140237e-16 2.292140237e-16)
(349936.169 -5.004829387e-16 -5.004829387e-16)
(332311.7163 -7.320828028e-16 -2.177442615e-15)
(309032.7854 8.943487345e-16 8.710757546e-16)
(281355.4859 1.031238107e-15 3.09371432e-15)
(250500.1597 -2.19392478e-15 -2.19392478e-15)
(217626.5466 -1.164823875e-15 -1.164823875e-15)
(183812.5463 1.152275844e-15 2.289751925e-15)
(150036.7526 0 1.442172295e-17)
(117164.9064 1.053127e-15 -1.066829399e-15)
(85940.30354 9.894108779e-16 1.953405861e-15)
(56978.0488 0 9.071235217e-16)
(30763.0011 0 -7.902846564e-16)
(7651.18476 -1.338417767e-15 -6.692088836e-16)
(-12125.67573 -5.698563586e-16 -7.226410433e-18)
(-28452.85432 4.480830145e-16 5.755174104e-18)
(-41322.97994 -3.330965734e-16 -6.705271263e-16)
(-50824.49818 -2.996505235e-18 2.27307417e-16)
(-57128.69614 1.377853964e-16 2.755707928e-16)
(-60475.77919 0 -5.177615107e-17)
(-61160.44139 0 2.164913301e-17)
(-59517.3818 0 0)
(-55907.16886 0 -1.325138671e-16)
(-50702.82054 0 -2.219545731e-18)
(-44277.4188 1.976245268e-16 3.978203615e-16)
(-36993.01688 -2.116464356e-16 -2.116464356e-16)
(-29191.04448 -2.278222276e-16 -2.278222276e-16)
(-21184.35502 2.244977693e-16 2.244977693e-16)
(-13250.99349 -2.144054132e-16 0)
(-5629.709178 -2.624528047e-18 0)
(1482.819284 1.872394288e-16 0)
(7933.130506 1.650055243e-16 1.650055243e-16)
(13610.61951 -1.41522569e-16 -1.41522569e-16)
(18445.8394 -1.241823085e-16 -1.241823085e-16)
(22407.65214 1.001454225e-16 1.001454225e-16)
(25499.43951 -7.764394004e-17 -7.764394004e-17)
(27754.5998 -7.548220439e-19 -7.548220439e-19)
(29231.55105 5.261967095e-19 4.096828625e-17)
(30008.46584 -3.286430208e-19 2.525868835e-17)
(30177.94466 1.281829998e-17 -1.248902194e-17)
(29841.81877 -2.692648091e-18 -5.455364886e-18)
(29106.25034 6.073805486e-20 0)
(28077.271 -1.244477399e-19 0)
(26856.86796 1.588225055e-19 -1.220662724e-17)
(25539.69916 -1.302590661e-17 -1.302590661e-17)
(24210.48564 0 0)
(22942.09709 0 0)
(21794.32439 0 5.976626953e-18)
(20813.30301 0 2.356343011e-20)
(20031.53078 0 2.815740377e-18)
(19468.40911 -7.5261486e-18 0)
(19131.22153 -1.586669204e-19 0)
(19016.45847 1.680600709e-17 0)
(19111.3912 -2.055836011e-17 -2.055836011e-17)
(19395.80036 2.367376088e-17 2.367376088e-17)
(19843.77079 2.749544015e-17 2.749544015e-17)
(20425.47047 -5.828963996e-17 -2.933319796e-17)
(21108.84255 -3.962409653e-19 0)
(21861.15137 3.171786152e-17 -3.13104772e-17)
(22650.33941 3.156768188e-17 3.115695124e-17)
(23446.16387 -3.087648266e-17 3.209758513e-17)
(24221.09376 -3.132155866e-17 -3.092436718e-17)
(24950.9657 2.975649156e-17 -2.937429792e-17)
(25615.40371 0 -3.630461065e-19)
(26198.02003 -2.618873765e-17 2.652948325e-17)
(26686.42103 -3.162267709e-19 0)
(27072.0474 2.26052226e-17 0)
(27349.88253 -2.027747371e-17 -2.027747371e-17)
(27518.06246 -1.847759914e-17 -1.847759914e-17)
(27577.421 -1.624208844e-17 0)
(27531.0017 1.412639012e-17 1.431261342e-17)
(27383.5654 2.52705681e-17 1.263528405e-17)
(27141.11624 0 0)
(26810.46505 9.110744386e-18 0)
(26398.84486 7.695358024e-18 7.596518451e-18)
(25913.58648 -6.19133523e-18 8.05559629e-20)
(25361.85862 -4.953013759e-18 -4.953013759e-18)
(24750.47259 0 0)
(24085.74886 0 0)
(23373.43885 -1.520112075e-18 1.520112075e-18)
(22618.69487 -7.099101206e-21 -5.385195966e-19)
(21826.07971 -4.79917277e-21 7.473010029e-19)
(20999.60651 -2.444990978e-18 -2.461001222e-18)
(20142.80131 -2.125139858e-18 -4.143832669e-18)
(19258.77951 5.709193563e-18 2.817932426e-18)
(18350.32971 0 3.59796333e-18)
(17419.9996 0 0)
(16470.17974 0 0)
(15503.18149 0 0)
(14521.30734 0 0)
(13526.91245 0 0)
(12522.45664 0 0)
(11510.54686 0 0)
(10493.96921 -8.079934787e-18 -8.079934787e-18)
(9475.711798 -1.100111728e-19 -1.100111728e-19)
(8458.977795 1.14231624e-19 8.89374286e-18)
(7447.187887 8.932463254e-18 9.050216969e-18)
(6443.973817 9.505979546e-18 1.205463004e-19)
(5453.161017 -9.544068746e-18 -9.544068746e-18)
(4478.741294 0 0)
(3524.835533 -9.554914906e-18 -9.554914906e-18)
(2595.64627 -9.654572252e-18 -9.654572252e-18)
(1695.401869 1.889192292e-17 1.889192292e-17)
(828.2924039 9.544515493e-18 9.544515493e-18)
(-1.600755294 -9.220656435e-18 -9.220656435e-18)
(-790.379815 0 0)
(-1534.407409 0 0)
(-2230.383523 0 -8.196207938e-18)
(-2875.41955 0 -1.015907613e-19)
(-3467.106265 7.386260717e-18 1.486862496e-17)
(-4003.575338 7.027765106e-18 7.027765106e-18)
(-4483.550397 -6.468662246e-18 -6.468662246e-18)
(-4906.38639 -6.06482152e-18 -1.205174652e-17)
(-5272.097597 -5.499573823e-18 -5.571129389e-18)
(-5581.371802 -6.523638685e-20 5.013871405e-18)
(-5835.571351 4.595963904e-18 4.595963904e-18)
(-6036.722289 0 0)
(-6187.491498 0 0)
(-6291.153057 -3.225355455e-18 -3.225355455e-18)
(-6351.546011 -3.705591754e-20 -3.705591754e-20)
(-6373.024536 2.5420199e-18 2.5420199e-18)
(-6360.40174 0 0)
(-6318.889006 -1.965094384e-18 0)
(-6254.031738 1.743376521e-18 1.766358858e-18)
(-6171.642112 1.662233453e-18 2.107902785e-20)
(-6077.729794 -1.547939377e-18 -1.988175502e-20)
(-5978.430751 0 1.940541957e-20)
(-5879.934244 -1.510725917e-18 -3.041108082e-18)
(-5788.408183 1.56503916e-18 1.56503916e-18)
(-5709.922487 1.760021913e-18 1.760021913e-18)
(-5650.370829 -1.92296874e-18 -1.92296874e-18)
(-5615.390392 2.13203691e-18 2.13203691e-18)
(-5610.280057 3.140484346e-20 3.140484346e-20)
(-5639.918461 -2.775227294e-18 -2.775227294e-18)
(-5708.681691 0 0)
(-5820.362643 -3.506051011e-18 -3.506051011e-18)
(-5978.093504 -5.121326156e-20 -5.121326156e-20)
(-6184.272981 4.446572367e-18 4.446572367e-18)
(-6440.50087 0 0)
(-6747.521578 5.339488327e-18 0)
(-7105.178997 -5.746337846e-18 -5.822089888e-18)
(-7512.384302 -6.463969685e-18 -8.19705317e-20)
(-7967.099427 6.853967796e-18 6.853967796e-18)
(-8466.336741 1.442504936e-17 0)
(-9006.175956 1.98620655e-19 0)
(-9581.799655 -1.624824385e-17 0)
(-10187.54613 8.367391685e-18 8.367391685e-18)
(-10816.97989 -8.557019487e-18 -8.557019487e-18)
(-11462.9782 -9.154145435e-18 -2.32170089e-19)
(-12117.83201 9.23813621e-18 1.847627242e-17)
(-12773.35926 0 -9.258769126e-18)
(-13421.02756 9.33710713e-18 -1.214864163e-19)
(-14052.08357 1.216879967e-19 9.474318821e-18)
(-14657.68611 -1.210599793e-19 0)
(-15229.03992 1.196004432e-19 0)
(-15757.52656 -9.134065687e-18 -9.016747269e-18)
(-16234.83015 8.779653714e-18 -1.142330423e-19)
(-16653.05503 8.593497208e-18 1.103747059e-19)
(-17004.83343 -8.130072006e-18 -8.235853561e-18)
(-17283.42197 -7.824503575e-18 0)
(-17482.78492 0 0)
(-17597.66469 0 0)
(-17623.63851 6.229600206e-18 6.229600206e-18)
(-17557.16188 7.357788494e-20 7.357788494e-20)
(-17395.5987 -5.116154992e-18 -5.116154992e-18)
(-17137.23813 0 0)
(-16781.29925 3.771922248e-18 0)
(-16327.92323 3.148510186e-18 3.10807072e-18)
(-15778.15502 0 2.466093838e-18)
(-15133.91668 -3.511472532e-18 -3.511472532e-18)
(-14397.97672 -2.801539029e-20 -2.801539029e-20)
(-13573.92156 1.044278629e-20 1.044278629e-20)
(-12666.13773 5.392355853e-19 5.392355853e-19)
(-11679.81189 -1.84445748e-18 -9.222287402e-19)
(-10620.96842 -1.604614399e-18 -1.584266044e-18)
(-9496.510101 4.406379677e-18 2.188949466e-18)
(-8314.474022 3.637786877e-20 -2.759526732e-18)
(-7084.034436 -3.430042708e-18 -3.474098139e-18)
(-5816.550242 0 4.01427661e-18)
(-4600.541127 -4.537793599e-18 0)
(-2521.220709 -5.325301393e-18 0)
)
;

boundaryField
{
    inlet
    {
        type            calculated;
        value           uniform (74.92484166 0 0);
    }
    outlet
    {
        type            calculated;
        value           uniform (-2519.937392 -5.325301443e-18 0);
    }
    wall
    {
        type            empty;
    }
}


// ************************************************************************* //
