/*--------------------------------*- C++ -*----------------------------------*\
  =========                 |
  \\      /  F ield         | OpenFOAM: The Open Source CFD Toolbox
   \\    /   O peration     | Website:  https://openfoam.org
    \\  /    A nd           | Version:  7
     \\/     M anipulation  |
\*---------------------------------------------------------------------------*/
FoamFile
{
    version     2.0;
    format      ascii;
    class       volVectorField;
    location    "0.000558243009";
    object      U;
}
// * * * * * * * * * * * * * * * * * * * * * * * * * * * * * * * * * * * * * //

dimensions      [0 1 -1 0 0 0 0];

internalField   nonuniform List<vector> 
1500
(
(0.1906261852 0 0)
(0.2056725266 1.024139662e-25 1.024139662e-25)
(0.1902095372 -2.15771034e-27 -2.15771034e-27)
(0.2032923775 -2.270467692e-25 2.954135199e-27)
(0.1924257274 0 2.852954743e-25)
(0.2024277061 0 0)
(0.1948458929 3.875672382e-25 -3.875672382e-25)
(0.2013114303 -5.453817327e-27 -4.191655571e-25)
(0.1965606743 5.784600984e-27 4.503732576e-25)
(0.2000970419 -5.986366228e-27 -4.72068469e-25)
(0.1978472254 -9.311008448e-25 -9.250826614e-25)
(0.1992576765 4.661448071e-25 4.602335605e-25)
(0.1987985829 4.274128752e-25 4.330473117e-25)
(0.1989924249 5.219863927e-27 4.06404487e-25)
(0.1993370025 -3.676339157e-25 -4.662016139e-27)
(0.1993929953 -3.019347715e-25 -3.059150733e-25)
(0.1995570177 2.45711972e-25 0)
(0.1997935998 0 0)
(0.199995198 -1.093323761e-25 -1.093323761e-25)
(0.2001854228 3.505764686e-26 6.967072288e-26)
(0.2003777618 -3.972880605e-26 -3.920507504e-26)
(0.2005616572 1.134937598e-25 2.269875195e-25)
(0.2007300739 0 0)
(0.2008793327 2.52910415e-25 -2.52910415e-25)
(0.2010082085 -3.177539899e-25 -3.096950261e-25)
(0.2011141135 -3.581050427e-25 3.675465936e-25)
(0.2011945135 4.082152519e-25 4.082152519e-25)
(0.2012471642 0 0)
(0.2012712403 -4.797792877e-25 -4.797792877e-25)
(0.2012648023 5.059180853e-25 6.415616218e-27)
(0.2012314759 4.971172821e-25 5.036706155e-25)
(0.2011685582 -1.017550159e-24 0)
(0.2010764758 6.489209541e-27 0)
(0.2009627003 -6.293742448e-27 -4.900138602e-25)
(0.2008191726 -9.27478437e-25 -4.607418344e-25)
(0.2006517998 5.596834741e-27 0)
(0.2004735469 3.92366366e-25 0)
(0.2002816899 3.523428101e-25 0)
(0.200077096 2.970026715e-25 3.008670116e-25)
(0.1998684488 0 2.404920148e-25)
(0.1996590556 0 0)
(0.1994518945 0 0)
(0.1992535348 0 -4.455070864e-26)
(0.1990675167 0 -3.588237845e-28)
(0.1988965617 -1.017221724e-25 -2.021378244e-25)
(0.1987450188 2.255439774e-27 1.778576579e-25)
(0.198615082 -3.18930164e-27 2.419313861e-25)
(0.1985087568 4.091425511e-27 -3.144555277e-25)
(0.1984284359 3.800712115e-25 0)
(0.1983751236 0 0)
(0.1983484067 0 0)
(0.1983490514 0 0)
(0.1983759157 0 0)
(0.1984274704 0 0)
(0.1985036883 0 0)
(0.1986007244 6.523260692e-25 6.523260692e-25)
(0.198716756 -8.390211308e-27 -8.390211308e-27)
(0.1988506399 8.270794433e-27 8.270794433e-27)
(0.1989991902 -8.022757103e-27 -8.022757103e-27)
(0.1991594608 -1.183725278e-24 -1.183725278e-24)
(0.1993288646 7.162947597e-27 7.162947597e-27)
(0.1995050028 5.047907798e-25 5.047907798e-25)
(0.19968456 0 4.57575939e-25)
(0.1998651325 -3.973384972e-25 -5.103440874e-27)
(0.2000450311 4.260849818e-27 4.260849818e-27)
(0.200221729 2.585710281e-25 -3.364295972e-27)
(0.2003928692 1.891213118e-25 2.429086282e-27)
(0.2005569004 1.130222426e-25 1.130222426e-25)
(0.2007120488 -3.921466766e-26 -3.921466766e-26)
(0.2008569251 -4.573646708e-28 -4.573646708e-28)
(0.2009904573 -1.075646238e-25 -1.075646238e-25)
(0.2011115564 1.799485186e-25 3.598970373e-25)
(0.2012192426 4.923974874e-25 4.892148782e-25)
(0.2013128957 -4.005516535e-27 -3.118572547e-25)
(0.2013918833 -7.385522269e-25 -7.385522269e-25)
(0.2014557125 -4.213775342e-25 5.482587627e-27)
(0.2015039993 0 -6.129572382e-27)
(0.201536689 5.226722237e-25 6.713203502e-27)
(0.2015533859 1.11910898e-24 1.11910898e-24)
(0.2015541741 5.910934981e-25 5.910934981e-25)
(0.2015393065 -6.296120191e-25 -6.296120191e-25)
(0.2015083982 -6.473513735e-25 -1.303125533e-24)
(0.2014616772 0 6.860878335e-25)
(0.2013985702 0 6.767039945e-25)
(0.2013199687 0 9.08463579e-27)
(0.20122826 0 -9.192198657e-27)
(0.2011234171 -1.439270378e-24 -2.149662595e-24)
(0.2010051148 1.847206425e-26 1.847206425e-26)
(0.2008750062 1.409495125e-24 1.409495125e-24)
(0.2007346441 7.039566871e-25 0)
(0.2005850273 -8.849988918e-27 0)
(0.2004275274 -6.603765639e-25 0)
(0.2002638201 -6.435939347e-25 0)
(0.2000956159 7.870477075e-27 6.127732038e-25)
(0.1999246129 5.690127218e-25 -7.403529255e-27)
(0.1997525526 0 6.86502256e-27)
(0.1995812508 -4.870435807e-25 -4.932991539e-25)
(0.1994125114 -4.286139524e-25 -8.572279048e-25)
(0.199248076 3.761405998e-25 7.522811997e-25)
(0.1990896318 3.091635788e-25 3.051410112e-25)
(0.1989387877 2.457043877e-25 -2.425485633e-25)
(0.1987970453 -2.236791313e-27 0)
(0.1986657823 -9.778038165e-26 0)
(0.1985462309 0 0)
(0.1984394763 0 0)
(0.1983464426 1.414061043e-25 1.414061043e-25)
(0.1982678944 -2.88188801e-27 2.214934223e-25)
(0.198204423 -3.036202854e-25 -3.075707279e-25)
(0.1981564572 3.902659698e-25 5.012579868e-27)
(0.1981242681 4.656750666e-25 -6.058947899e-27)
(0.1981079588 -5.512535535e-25 -5.441732438e-25)
(0.1981074803 8.067510755e-27 6.281134516e-25)
(0.1981226227 -9.011571646e-27 -9.011571646e-27)
(0.198153045 -7.611838728e-25 -7.611838728e-25)
(0.1981982548 -8.358694993e-25 -8.358694993e-25)
(0.1982576356 1.149969427e-26 9.068356722e-25)
(0.1983304775 1.885600909e-24 9.245190086e-25)
(0.1984159454 -1.279256097e-26 -9.832002366e-25)
(0.1985130823 1.330808763e-26 0)
(0.1986208583 -1.37283964e-26 1.068859729e-24)
(0.1987382046 1.404889354e-26 1.079759008e-24)
(0.1988639607 -1.42654819e-26 -1.110673076e-24)
(0.1989969229 -1.104863599e-24 1.437551095e-26)
(0.1991358725 0 1.105002306e-24)
(0.199279572 -1.111063455e-24 -2.222126909e-24)
(0.1994268158 1.405592866e-26 -1.066243799e-24)
(0.1995764 1.055682567e-24 1.055682567e-24)
(0.1997271346 0 0)
(0.1998778865 -9.95968759e-25 -9.95968759e-25)
(0.2000275864 1.217915353e-26 -9.360545876e-25)
(0.2001752397 8.823302648e-25 8.938103912e-25)
(0.2003199168 0 1.65585286e-24)
(0.2004607643 7.672785246e-25 7.574235811e-25)
(0.2005970226 -8.946027754e-27 -6.965120463e-25)
(0.2007280241 -6.137425184e-25 7.98548016e-27)
(0.2008531974 5.437197168e-25 5.367361811e-25)
(0.2009720707 -5.950863887e-27 -4.633181206e-25)
(0.2010842699 -7.578700907e-25 -7.578700907e-25)
(0.2011895212 3.02639409e-25 3.02639409e-25)
(0.2012876498 2.10904838e-25 2.10904838e-25)
(0.2013785772 -1.335333948e-25 -1.335333948e-25)
(0.2014623204 5.609759478e-26 0)
(0.2015389819 2.046743513e-26 2.020788557e-26)
(0.2016087412 9.046807043e-26 -1.192607696e-27)
(0.2016718494 -1.590536438e-25 -1.590536438e-25)
(0.2017286154 -2.244029259e-25 0)
(0.2017793878 -2.785787751e-25 -2.822033837e-25)
(0.2018245445 3.341831272e-25 4.292256286e-27)
(0.2018644731 3.752852106e-25 3.752852106e-25)
(0.2018995536 4.201666159e-25 0)
(0.201930141 -5.836042882e-27 0)
(0.2019565474 -4.769834694e-25 0)
(0.2019790292 5.071755052e-25 5.071755052e-25)
(0.2019977735 -6.769735133e-27 -6.769735133e-27)
(0.2020128924 -5.367697959e-25 -5.367697959e-25)
(0.2020244096 0 0)
(0.2020322634 0 0)
(0.2020363147 0 0)
(0.2020363475 5.985213623e-25 5.985213623e-25)
(0.2020320946 -7.890131221e-27 -7.890131221e-27)
(0.2020232463 -6.245707246e-25 -6.245707246e-25)
(0.2020094477 0 0)
(0.2019903354 0 -6.796853006e-25)
(0.2019655714 0 9.105734302e-27)
(0.2019348446 -7.421450698e-25 -9.532158538e-27)
(0.2018978833 -7.690592868e-25 -1.548124885e-24)
(0.2018544794 0 1.052324269e-26)
(0.2018044994 0 8.512497445e-25)
(0.2017478878 9.074192549e-25 9.074192549e-25)
(0.2016846693 9.415808474e-25 9.415808474e-25)
(0.2016149476 0 0)
(0.2015388999 0 0)
(0.2014567697 1.093173026e-24 0)
(0.2013688557 -1.460712262e-26 0)
(0.2012754995 -1.164096532e-24 0)
(0.2011770736 0 0)
(0.2010739712 0 0)
(0.2009665987 -1.28868938e-24 -1.28868938e-24)
(0.2008553679 -1.302012996e-24 -1.302012996e-24)
(0.2007406919 1.345887621e-24 1.345887621e-24)
(0.2006229844 1.351787612e-24 1.351787612e-24)
(0.2005026625 -1.389267354e-24 -1.389267354e-24)
(0.2003801492 1.805018199e-26 1.805018199e-26)
(0.2002558772 -1.820384231e-26 1.399105195e-24)
(0.2001302943 1.829979367e-26 0)
(0.2000038694 2.836120748e-24 0)
(0.1998770939 -1.442429645e-24 -1.424137946e-24)
(0.1997504828 -2.793448017e-24 -1.396724008e-24)
(0.1996245732 0 0)
(0.1994999218 0 0)
(0.1993770971 2.688717707e-24 2.688717707e-24)
(0.1992566699 1.271438745e-24 1.271438745e-24)
(0.1991392031 -1.240993474e-24 -1.240993474e-24)
(0.1990252406 0 0)
(0.1989152931 1.136405697e-24 0)
(0.1988098259 -1.366786071e-26 0)
(0.1987092474 -1.956859362e-24 -9.847537519e-25)
(0.1986138994 1.154856096e-26 1.154856096e-26)
(0.1985240499 -1.038250867e-26 -1.038250867e-26)
(0.1984398877 -7.044561736e-25 9.165737157e-27)
(0.1983615212 6.162364768e-25 6.083215028e-25)
(0.1982889821 5.108682815e-25 0)
(0.1982222308 -4.187184483e-25 -4.187184483e-25)
(0.1981611671 4.12256516e-27 -3.16848417e-25)
(0.1981056444 -2.892303484e-27 2.251872606e-25)
(0.1980554861 1.695506711e-27 1.303123039e-25)
(0.1980105028 4.122074371e-26 4.175707297e-26)
(0.1979705094 4.556793654e-26 4.615321279e-26)
(0.197935341 2.588660827e-25 2.571928998e-25)
(0.1979048622 -4.2848816e-25 -4.257539634e-25)
(0.1978789724 -5.76724404e-25 -2.864739594e-25)
(0.1978576014 3.694985202e-25 -4.807575942e-27)
(0.1978406975 -4.540661706e-25 -4.482341446e-25)
(0.1978282068 6.848927244e-27 1.06646971e-24)
(0.1978200465 6.0330163e-25 5.954520069e-25)
(0.1978160738 0 -6.776439316e-25)
(0.1978160567 0 0)
(0.1978196509 0 8.204279484e-25)
(0.1978263899 0 -1.121867303e-26)
(0.1978356932 0 -9.015697165e-25)
(0.1978468979 0 9.377176245e-25)
(0.1978593161 0 -1.214748928e-26)
(0.1978723201 9.385161315e-25 1.205434303e-26)
(0.1978854439 9.078192848e-25 9.078192848e-25)
(0.1978985071 -8.9588094e-25 0)
(0.1979117202 -8.660267139e-25 0)
(0.1979258115 8.769419763e-25 0)
(0.1979420497 -1.169085253e-26 -9.102238809e-25)
(0.197962345 1.276217136e-26 1.276217136e-26)
(0.1979890366 -1.157594341e-24 -1.157594341e-24)
(0.1980250498 -1.335718585e-24 -1.335718585e-24)
(0.1980731279 1.663380365e-24 1.663380365e-24)
(0.1981365346 0 0)
(0.1982168037 -2.557824827e-24 -2.557824827e-24)
(0.1983167999 3.958137952e-26 3.958137952e-26)
(0.1984338264 3.57282066e-24 3.57282066e-24)
(0.1985712968 4.121232666e-24 4.121232666e-24)
(0.19871595 -4.585550185e-24 -4.585550185e-24)
(0.198879837 -4.648436012e-24 -4.648436012e-24)
(0.1990213437 -6.144428212e-26 -6.144428212e-26)
(0.1991942502 5.785650607e-26 4.562384938e-24)
(0.1992676344 7.720719688e-24 3.785504771e-24)
(0.1994576518 -3.729423995e-26 -2.866340463e-24)
(0.1993229668 -1.547845482e-24 0)
(0.1996744757 6.847161394e-26 -6.847161394e-26)
(0.1989516991 1.890183473e-24 1.939370721e-24)
(0.2000440461 -7.626442686e-24 3.715267513e-24)
(0.197648831 -5.456963092e-24 7.19374773e-26)
(0.2026074139 6.813188094e-24 -8.864708748e-26)
(0.1993173807 0 -3.514028668e-23)
(0.1985718873 -9.738655154e-23 9.591622869e-23)
(0.1985421002 -2.837652806e-34 1.635900169e-22)
(0.1985332569 8.10173423e-23 -8.10173423e-23)
(0.1985192448 -8.079065352e-23 -8.079065352e-23)
(0.198505956 -8.938944443e-39 8.938944443e-39)
(0.1984920578 8.013623059e-23 8.013623059e-23)
(0.1984793093 0 5.531180082e-34)
(0.1984662526 -7.923571129e-23 -7.923571129e-23)
(0.1984535204 -5.461754372e-34 1.574243517e-22)
(0.1984409074 7.813887021e-23 -7.813887021e-23)
(0.1984285076 -7.751254018e-23 -7.751254018e-23)
(0.198416303 -1.658330854e-56 1.658330854e-56)
(0.1984043091 7.610135594e-23 7.610135594e-23)
(0.1983925371 -7.531492289e-23 7.531492289e-23)
(0.1983809975 -2.583827968e-34 -1.489475414e-22)
(0.1983697015 7.357729157e-23 7.357729157e-23)
(0.19835866 0 4.837788737e-38)
(0.1983478841 -7.161594303e-23 -7.161594303e-23)
(0.1983373852 -2.447691537e-34 2.447691537e-34)
(0.1983271745 6.942619766e-23 6.942619766e-23)
(0.1983172636 -6.824426436e-23 6.824426436e-23)
(0.1983076638 -4.649157579e-34 -1.34007132e-22)
(0.1982983868 6.570357827e-23 6.570357827e-23)
(0.1982894442 0 2.857438074e-38)
(0.1982808477 -6.292368498e-23 -6.292368498e-23)
(0.1982726091 4.263245863e-34 -4.263245863e-34)
(0.1982647403 5.990065453e-23 5.990065453e-23)
(0.1982572531 -5.829680228e-23 5.829680228e-23)
(0.1982501595 6.287282224e-39 -1.132616075e-22)
(0.1982434716 5.490223978e-23 5.490223978e-23)
(0.1982372014 0 3.685177818e-34)
(0.198231361 -5.125582531e-23 -5.125582531e-23)
(0.1982259625 -3.423567036e-34 3.423567036e-34)
(0.1982210183 4.735455136e-23 4.735455136e-23)
(0.1982165404 -4.530748403e-23 4.530748403e-23)
(0.1982125412 -4.79568727e-39 -8.639142161e-23)
(0.1982090328 4.101894167e-23 4.101894167e-23)
(0.1982060277 0 -2.690688402e-34)
(0.198203538 -3.6469358e-23 -3.6469358e-23)
(0.1982015762 1.183020722e-34 6.819213723e-23)
(0.1982001545 3.165683211e-23 -3.165683211e-23)
(0.1981992853 -2.915146534e-23 -2.915146534e-23)
(0.1981989809 -1.844374219e-34 1.844374219e-34)
(0.1981992536 2.394172316e-23 2.394172316e-23)
(0.1982001158 0 2.947238837e-34)
(0.1982015796 -1.846583357e-23 -1.846583357e-23)
(0.1982036574 5.42183563e-35 3.125575465e-23)
(0.1982063614 1.272318151e-23 -1.272318151e-23)
(0.1982097038 -9.75173182e-24 -9.75173182e-24)
(0.1982136967 -2.329376286e-35 2.329376286e-35)
(0.1982183523 3.608643057e-24 3.608643057e-24)
(0.1982236826 0 6.066024374e-36)
(0.1982296996 2.800987876e-24 2.800987876e-24)
(0.1982364153 2.11841022e-35 -1.221102198e-23)
(0.1982438416 -9.476321901e-24 9.4763219e-24)
(0.1982519901 1.291324496e-23 1.291324496e-23)
(0.1982608728 1.82255063e-39 -1.82255063e-39)
(0.1982705012 -1.998458467e-23 -1.998458467e-23)
(0.1982808869 0 0)
(0.1982920413 2.731754664e-23 2.731754664e-23)
(0.1983039758 1.078352225e-34 -6.216277346e-23)
(0.1983167015 -3.490967011e-23 3.490967011e-23)
(0.1983302297 3.880201105e-23 3.880201105e-23)
(0.1983445713 -1.483560895e-34 1.483560895e-34)
(0.1983597373 -4.677717028e-23 -4.677717028e-23)
(0.1983757383 0 -3.529055954e-34)
(0.1983925849 5.500314006e-23 5.500314006e-23)
(0.1984102876 -6.720418416e-79 -1.184177408e-22)
(0.1984288567 -6.347567143e-23 6.347567143e-23)
(0.1984483023 6.780292693e-23 6.780292693e-23)
(0.1984686343 5.009186342e-34 -5.009186342e-34)
(0.1984898627 -7.663616015e-23 -7.663616015e-23)
(0.1985119969 8.114074045e-23 -8.114074045e-23)
(0.1985350464 -2.973323847e-34 1.714059352e-22)
(0.1985590204 -9.032205096e-23 -9.032205096e-23)
(0.198583928 0 6.591119922e-34)
(0.1986097779 9.972745783e-23 9.972745783e-23)
(0.1986365787 3.625872946e-34 -3.625872946e-34)
(0.1986643388 -1.093499144e-22 -1.093499144e-22)
(0.1986930664 1.1424018e-22 -1.1424018e-22)
(0.1987227694 -4.134949364e-34 2.383636021e-22)
(0.1987534553 -1.241737335e-22 -1.241737335e-22)
(0.1987851316 0 -8.96637112e-34)
(0.1988178055 0 1.343041515e-22)
(0.1988514838 0 -9.675618314e-34)
(0.1988861731 0 -1.446223025e-22)
(0.1989218797 1.498487554e-22 -1.498487554e-22)
(0.1989586098 1.076350385e-33 3.102368762e-22)
(0.1989963689 -1.604300331e-22 -1.604300331e-22)
(0.1990351625 0 -3.681103995e-38)
(0.1990749958 1.711735048e-22 1.711735048e-22)
(0.1991158735 -3.921364463e-38 3.921364463e-38)
(0.1991578002 -1.820678636e-22 -1.820678636e-22)
(0.19920078 1.875679162e-22 -1.875679162e-22)
(0.1992448166 1.339865597e-33 3.862023234e-22)
(0.1992899135 -1.986660066e-22 -1.986660066e-22)
(0.1993360738 0 -1.417344148e-33)
(0.1993833003 0 2.098839262e-22)
(0.1994315953 0 -4.310672305e-22)
(0.1994809608 0 2.21208134e-22)
(0.1995313985 2.269056899e-22 2.269056899e-22)
(0.1995829094 2.582650183e-38 -2.582650183e-38)
(0.1996354944 -2.383625361e-22 -2.383625361e-22)
(0.1996891539 0 1.693909198e-33)
(0.199743888 2.49889015e-22 2.49889015e-22)
(0.1997996962 8.515636758e-38 -5.113469137e-22)
(0.1998565776 -2.614693368e-22 2.614693368e-22)
(0.1999145309 2.672745854e-22 2.672745854e-22)
(0.1999735545 9.474611587e-34 -9.474611587e-34)
(0.200033646 -2.789046867e-22 -2.789046867e-22)
(0.2000948029 0 1.975614731e-33)
(0.2001570221 2.905463935e-22 2.905463935e-22)
(0.2002203 1.028193199e-33 -5.927319924e-22)
(0.2002846325 -3.021817006e-22 3.021817006e-22)
(0.2003500152 3.07991161e-22 3.07991161e-22)
(0.2004164429 3.483790936e-38 -3.483790936e-38)
(0.2004839102 -3.195817675e-22 -3.195817675e-22)
(0.2005524111 0 2.257624851e-33)
(0.200621939 3.311182787e-22 3.311182787e-22)
(0.2006924868 -1.168568228e-33 -6.737199561e-22)
(0.2007640472 -3.425805562e-22 3.425805562e-22)
(0.2008366118 3.482774037e-22 3.482774037e-22)
(0.2009101722 -1.228003372e-33 1.228003372e-33)
(0.200984719 -3.595892847e-22 -3.595892847e-22)
(0.2010602426 0 -3.651989217e-22)
(0.2011367329 0 7.415480663e-22)
(0.2012141788 0 -3.763118313e-22)
(0.2012925691 0 2.649335596e-33)
(0.2013718919 3.872641791e-22 3.872641791e-22)
(0.2014521345 1.362358104e-33 -1.362358104e-33)
(0.2015332839 -3.980330072e-22 -3.980330072e-22)
(0.2016153264 4.033412841e-22 -4.033412841e-22)
(0.2016982478 1.417688849e-33 8.171896801e-22)
(0.2017820331 -4.137906601e-22 -4.137906601e-22)
(0.201866667 0 1.860403833e-37)
(0.2019521334 4.239968925e-22 4.239968925e-22)
(0.2020384155 -4.762869369e-38 4.762869369e-38)
(0.2021254963 -4.339352964e-22 -4.339352964e-22)
(0.2022133576 4.387962242e-22 -4.387962242e-22)
(0.2023019812 3.077959664e-33 8.871614717e-22)
(0.2023913478 -4.482856222e-22 -4.482856222e-22)
(0.2024814378 0 -6.28555739e-33)
(0.2025722307 4.574435615e-22 4.574435615e-22)
(0.2026637055 3.205006238e-33 -3.205006238e-33)
(0.2027558406 -4.662438924e-22 -4.662438924e-22)
(0.2028486139 4.705016836e-22 -4.705016836e-22)
(0.2029420022 1.646913449e-33 9.493202093e-22)
(0.2030359822 -4.787157909e-22 -4.787157909e-22)
(0.2031305296 0 -1.071732388e-37)
(0.2032256196 4.865054035e-22 4.865054035e-22)
(0.2033212268 5.44267417e-38 -5.44267417e-38)
(0.203417325 -4.938432388e-22 -4.938432388e-22)
(0.2035138876 4.973341467e-22 -4.973341467e-22)
(0.2036108869 1.737102618e-33 1.001403527e-21)
(0.203708295 -5.039426167e-22 -5.039426167e-22)
(0.2038060834 0 -3.51861369e-33)
(0.2039042224 5.100300766e-22 5.100300766e-22)
(0.2040026821 -1.77931718e-33 -1.025739344e-21)
(0.2041014319 -5.155684964e-22 5.155684964e-22)
(0.2042004406 5.181230267e-22 5.181230267e-22)
(0.204299676 1.805892507e-33 -1.805892507e-33)
(0.2043991057 -5.227850859e-22 -5.227850859e-22)
(0.2044986964 0 -3.642125118e-33)
(0.2045984142 5.268275775e-22 5.268275775e-22)
(0.2046982246 -1.833917489e-33 -1.057215286e-21)
(0.2047980925 -5.302222047e-22 5.302222047e-22)
(0.2048979819 5.316677263e-22 5.316677263e-22)
(0.2049978566 1.183366018e-37 -1.183366018e-37)
(0.2050976793 -5.340375269e-22 -5.340375269e-22)
(0.2051974125 0 3.711637961e-33)
(0.2052970178 5.356888579e-22 5.356888579e-22)
(0.2053964562 -1.860443466e-33 -1.07247264e-21)
(0.2054956883 -5.365936529e-22 5.365936529e-22)
(0.2055946738 5.367573755e-22 5.367573755e-22)
(0.2056933719 3.085160902e-57 -3.085160902e-57)
(0.2057917414 -5.364901326e-22 -5.364901326e-22)
(0.2058897401 0 -3.7196099e-33)
(0.2059873256 5.354070448e-22 5.354070448e-22)
(0.2060844547 1.854715131e-33 -1.069102057e-21)
(0.2061810836 -5.334808542e-22 5.334808541e-22)
(0.2062771681 5.321931714e-22 5.321931714e-22)
(0.2063726633 1.841123334e-33 -1.841123334e-33)
(0.2064675238 -5.289519955e-22 -5.289519955e-22)
(0.2065617036 5.269919247e-22 -5.269919247e-22)
(0.2066551561 5.826463746e-38 1.049602398e-21)
(0.2067478344 -5.223766063e-22 -5.223766063e-22)
(0.2068396908 0 -2.307998086e-37)
(0.2069306773 5.168131344e-22 5.168131344e-22)
(0.2070207452 1.782200928e-33 -1.782200928e-33)
(0.2071098455 -5.102765111e-22 -5.102765111e-22)
(0.2071979285 5.066356189e-22 -5.066356189e-22)
(0.2072849443 -1.744182089e-33 1.005484695e-21)
(0.2073708423 -4.985937507e-22 -4.985937507e-22)
(0.2074555714 0 -3.429220407e-33)
(0.2075390803 4.895190387e-22 4.895190387e-22)
(0.2076213172 -1.681142248e-33 1.681142248e-33)
(0.2077022297 -4.79388891e-22 -4.79388891e-22)
(0.2077817651 4.739211865e-22 -4.739211865e-22)
(0.2078598704 1.624226997e-33 9.363630439e-22)
(0.207936492 -4.621673109e-22 -4.621673109e-22)
(0.2080115762 0 3.163174162e-33)
(0.2080850688 4.493052045e-22 4.493052045e-22)
(0.2081569152 -9.824417639e-38 9.824417639e-38)
(0.2082270605 -4.353153826e-22 -4.353153826e-22)
(0.2082954497 4.278917693e-22 -4.278917693e-22)
(0.2083620272 1.457836752e-33 8.403587794e-22)
(0.2084267373 -4.121761059e-22 -4.121761059e-22)
(0.2084895239 0 -2.802658795e-33)
(0.2085503309 3.952886319e-22 3.952886319e-22)
(0.2086091016 -1.340596144e-33 -7.728010616e-22)
(0.2086657794 -3.772137097e-22 3.772137097e-22)
(0.2087203074 3.677264042e-22 3.677264042e-22)
(0.2087726285 -7.947796437e-38 7.947796437e-38)
(0.2088226854 -3.47843693e-22 -3.47843693e-22)
(0.2088704208 0 -2.341571203e-33)
(0.208915777 3.267399507e-22 3.267399507e-22)
(0.2089586965 1.09546706e-33 -6.314533524e-22)
(0.2089991215 -3.044040995e-22 3.044040995e-22)
(0.2090369941 2.927710611e-22 2.927710611e-22)
(0.2090722567 -9.742814475e-34 9.742814475e-34)
(0.2091048512 -2.685694272e-22 -2.685694272e-22)
(0.2091347198 0 1.776349785e-33)
(0.2091618046 2.431143835e-22 2.431143835e-22)
(0.2091860478 2.552568715e-38 -4.598299005e-22)
(0.2092073915 -2.164001075e-22 2.164001075e-22)
(0.209225778 2.025693815e-22 2.025693815e-22)
(0.2092411497 6.537633658e-34 -6.537633658e-34)
(0.209253449 -1.739589039e-22 -1.739589039e-22)
(0.2092626186 0 1.104489e-33)
(0.2092686013 1.44081843e-22 1.44081843e-22)
(0.2092713399 -4.463792549e-34 -2.573365907e-22)
(0.2092707777 -1.129382667e-22 1.129382667e-22)
(0.2092668581 9.689204511e-23 9.689204511e-23)
(0.2092595247 2.793767893e-34 -2.793767893e-34)
(0.2092487213 -6.385274352e-23 -6.385274352e-23)
(0.2092343924 0 -3.251830644e-34)
(0.2092164823 0 2.955500771e-23)
(0.2091949359 0 -2.387236403e-23)
(0.2091696985 0 -5.994663392e-24)
(0.2091407158 -2.423641867e-23 -2.423641867e-23)
(0.2091079338 -1.484549254e-34 1.484549254e-34)
(0.2090712989 6.16475983e-23 6.16475983e-23)
(0.2090307582 -8.081418228e-23 8.081418228e-23)
(0.2089862591 -1.043788588e-33 -2.00571997e-22)
(0.2089377495 1.200613168e-22 1.200613168e-22)
(0.2088851781 0 6.223389754e-38)
(0.2088284937 -1.605149067e-22 -1.605149067e-22)
(0.2087676461 6.286058315e-34 -6.286058315e-34)
(0.2087025855 2.021586016e-22 2.021586016e-22)
(0.2086332629 -2.23421073e-22 2.23421073e-22)
(0.2085596297 -8.49924372e-34 -4.899480429e-22)
(0.2084816383 2.668148295e-22 2.668148295e-22)
(0.2083992416 0 2.005185891e-33)
(0.2083123932 -3.113489386e-22 -3.113489386e-22)
(0.2082210475 -1.158995666e-33 1.158995666e-33)
(0.2081251599 3.569999591e-22 3.569999591e-22)
(0.2080246865 -3.802363993e-22 3.802363993e-22)
(0.2079195829 1.400763083e-33 -8.074849408e-22)
(0.2078098076 4.275150175e-22 4.275150175e-22)
(0.2076953436 0 3.133031704e-33)
(0.2075760767 -4.758379292e-22 -4.758379292e-22)
(0.2074517346 -3.472712592e-33 3.472712592e-33)
(0.2073252093 5.251555555e-22 5.251555555e-22)
(0.2072018083 -5.493639036e-22 5.493639036e-22)
(0.2070829976 -1.987732167e-33 -1.145849581e-21)
(0.2069674039 5.960325074e-22 5.960325074e-22)
(0.2068539412 0 -4.294561098e-33)
(0.2067416242 -6.41713299e-22 -6.41713299e-22)
(0.2066295218 4.610554587e-33 1.328901883e-21)
(0.2065166986 6.871540853e-22 -6.871540853e-22)
(0.2064021874 -7.098516807e-22 -7.098516807e-22)
(0.2062850039 -2.541542023e-33 2.541542023e-33)
(0.2061641489 7.553480148e-22 7.553480148e-22)
(0.2060386066 0 0)
(0.2059073416 -8.011798498e-22 -8.011798498e-22)
(0.2057693035 2.859768776e-33 1.648597215e-21)
(0.2056234461 8.475944518e-22 -8.475944518e-22)
(0.2054686813 -8.710907307e-22 -8.710907307e-22)
(0.2053037457 -6.210449547e-33 6.210449547e-33)
(0.2051273444 9.196330519e-22 9.196330519e-22)
(0.2049383397 0 0)
(0.204735461 -9.712242224e-22 -9.712242224e-22)
(0.2045172189 3.46403115e-33 1.996878002e-21)
(0.2042857834 1.026384176e-21 -1.026384176e-21)
(0.2040471106 -1.054456605e-21 -1.054456605e-21)
(0.2038039059 6.586037251e-55 -6.586037251e-55)
(0.2035557582 1.110491587e-21 1.110491587e-21)
(0.2033026201 0 2.528045472e-37)
(0.2030445362 -1.166565773e-21 -1.166565773e-21)
(0.202781514 4.144563215e-33 2.389178029e-21)
(0.2025135638 1.222590765e-21 -1.222590765e-21)
(0.2022407002 -1.250561102e-21 -1.250561102e-21)
(0.2019629403 -1.41940897e-37 1.41940897e-37)
(0.2016803035 1.306366976e-21 1.306366976e-21)
(0.2013928118 -1.334181658e-21 1.334181658e-21)
(0.2011004899 -9.450240682e-33 -2.723846426e-21)
(0.2008033651 1.389580645e-21 1.389580645e-21)
(0.2005014673 0 6.293377989e-37)
(0.2001948291 -1.444598054e-21 -1.444598054e-21)
(0.1998834858 1.021311014e-32 -1.021311014e-32)
(0.1995674756 1.49914154e-21 1.49914154e-21)
(0.199246839 -1.526205774e-21 1.526205774e-21)
(0.1989216198 5.388451386e-33 -3.10623074e-21)
(0.198591864 1.579857849e-21 1.579857849e-21)
(0.198257621 0 0)
(0.1979189425 0 -1.632790545e-21)
(0.1975758836 0 5.756024118e-33)
(0.1972285016 0 1.684900115e-21)
(0.1968768573 -1.710612981e-21 1.710612981e-21)
(0.1965210141 -3.854871528e-37 -3.472159595e-21)
(0.1961610385 1.76128677e-21 1.76128677e-21)
(0.1957969998 0 -1.239320069e-32)
(0.1954289702 -1.810865123e-21 -1.810865123e-21)
(0.1950570252 -1.273431399e-32 1.273431399e-32)
(0.1946812431 1.859234252e-21 1.859234252e-21)
(0.1943017053 -1.882929083e-21 1.882929083e-21)
(0.1939184961 1.581558173e-78 -3.812555535e-21)
(0.1935317031 1.929265374e-21 1.929265374e-21)
(0.1931414168 0 -1.354386619e-32)
(0.1927477309 0 -1.974096897e-21)
(0.1923507422 0 3.991820481e-21)
(0.1919505507 0 -2.017301364e-21)
(0.1915472593 -2.038254656e-21 -2.038254656e-21)
(0.1911409744 4.57135302e-37 -4.57135302e-37)
(0.1907318054 2.078784667e-21 2.078784667e-21)
(0.1903198649 0 1.456055213e-32)
(0.1899052687 -2.117372984e-21 -2.117372984e-21)
(0.1894881359 -7.409913148e-33 4.271797503e-21)
(0.1890685888 2.153890585e-21 -2.153890585e-21)
(0.1886467529 -2.171332117e-21 -2.171332117e-21)
(0.188222757 -1.518324956e-32 1.518324956e-32)
(0.1877967334 2.204498358e-21 2.204498358e-21)
(0.1873688173 0 1.540566222e-32)
(0.1869391475 -2.235264856e-21 -2.235264856e-21)
(0.1865078661 -7.804987411e-33 4.499412896e-21)
(0.1860751184 2.26349787e-21 -2.26349787e-21)
(0.1856410532 -2.276622258e-21 -2.276622258e-21)
(0.1852058227 2.836885496e-55 -2.836885496e-55)
(0.1847695823 2.300802244e-21 2.300802244e-21)
(0.184332491 0 1.604150075e-32)
(0.1838947112 -2.322110641e-21 -2.322110641e-21)
(0.1834564088 -5.177292893e-37 4.663290869e-21)
(0.1830177531 2.340411218e-21 -2.340411218e-21)
(0.182578917 -2.34839092e-21 -2.34839092e-21)
(0.1821400769 -8.172516373e-33 8.172516373e-33)
(0.1817014129 2.361923791e-21 2.361923791e-21)
(0.1812631087 0 -3.285329212e-32)
(0.1808253516 -2.372107517e-21 -2.372107517e-21)
(0.1803883327 8.243325718e-33 4.751801687e-21)
(0.179952247 2.378805801e-21 -2.378805801e-21)
(0.1795172933 -2.380805426e-21 -2.380805426e-21)
(0.1790836742 -7.933263343e-37 7.933263343e-37)
(0.1786515967 2.382021007e-21 2.382021007e-21)
(0.1782212716 -2.381203254e-21 2.381203254e-21)
(0.1777929143 -1.651049269e-32 -4.758825519e-21)
(0.1773667444 2.376632812e-21 2.376632812e-21)
(0.1769429861 0 1.646440513e-32)
(0.1765218683 -2.368038079e-21 -2.368038079e-21)
(0.1761036251 -8.194969217e-33 8.194969217e-33)
(0.1756884955 2.355286854e-21 2.355286854e-21)
(0.175276724 0 2.347311602e-21)
(0.1748685608 0 -4.676496513e-21)
(0.1744642623 0 2.328080681e-21)
(0.1740640913 0 3.215195935e-32)
(0.1736683172 -2.304368769e-21 -2.304368769e-21)
(0.1732772171 -7.94778352e-33 7.94778352e-33)
(0.1728910759 2.276048665e-21 2.276048665e-21)
(0.172510187 -2.260121198e-21 2.260121198e-21)
(0.172134853 -7.782199955e-33 -4.485989289e-21)
(0.1717653868 2.224653499e-21 2.224653499e-21)
(0.1714021121 0 1.530181158e-32)
(0.1710453645 -2.184265752e-21 -2.184265752e-21)
(0.170695493 -7.501838151e-33 7.501838151e-33)
(0.1703528609 2.138835091e-21 2.138835091e-21)
(0.1700178478 -2.114190399e-21 2.114190399e-21)
(0.1696908507 -7.244570926e-33 -4.176478101e-21)
(0.1693722862 2.060965678e-21 2.060965678e-21)
(0.169062593 0 1.410229452e-32)
(0.1687622337 -2.002390917e-21 -2.002390917e-21)
(0.1684716981 -5.695440224e-79 3.942116381e-21)
(0.1681915059 1.938340654e-21 -1.938340654e-21)
(0.1679222106 0 -1.90422201e-21)
(0.1676644034 0 0)
(0.1674187173 0 1.831714226e-21)
(0.1671858328 0 -1.244345059e-32)
(0.1669664829 -1.753395163e-21 -1.753395163e-21)
(0.1667614604 5.939727209e-33 3.424019616e-21)
(0.1665716242 1.669113935e-21 -1.669113935e-21)
(0.1663979082 -1.624686168e-21 -1.624686168e-21)
(0.16624133 -5.477053697e-33 5.477053697e-33)
(0.1661030016 1.531142395e-21 1.531142395e-21)
(0.1659841407 0 2.056588865e-32)
(0.1658860839 -1.431175895e-21 -1.431175895e-21)
(0.1658103013 -1.53067742e-37 2.757423304e-21)
(0.1657584131 1.324549515e-21 -1.324549515e-21)
(0.1657322075 0 -1.268652593e-21)
(0.1657336616 0 1.344458182e-37)
(0.1657649643 0 1.151487705e-21)
(0.1658285418 0 1.512804251e-32)
(0.1659270862 -1.026837751e-21 -1.026837751e-21)
(0.1660635872 -3.336095433e-33 1.923128083e-21)
(0.1662413672 8.942359978e-22 -8.942359978e-22)
(0.1664641199 -8.247778273e-22 -8.247778273e-22)
(0.1667359538 -2.612774863e-33 2.612774863e-33)
(0.1670614387 6.791242422e-22 6.791242422e-22)
(0.167445658 -6.027307783e-22 6.027307783e-22)
(0.1678942645 -3.634656017e-33 -1.047618271e-21)
(0.1684135416 4.422316039e-22 4.422316039e-22)
(0.1690104705 0 4.966422037e-33)
(0.1696928008 -2.705296646e-22 -2.705296646e-22)
(0.1704691261 -6.248165456e-34 6.248165456e-34)
(0.1713489642 8.632134257e-23 8.632134257e-23)
(0.1723428415 1.094578515e-23 -1.094578515e-23)
(0.1734623822 3.883882395e-34 2.238762486e-22)
(0.1747203933 -2.168859327e-22 -2.168859327e-22)
(0.1761309537 0 -2.262300016e-33)
(0.1777095069 4.396289617e-22 4.396289617e-22)
(0.1794729429 5.807077972e-33 -5.807077972e-33)
(0.1814396769 -6.812185908e-22 -6.812185908e-22)
(0.1836297187 8.097299351e-22 -8.097299351e-22)
(0.1860647282 3.274172426e-33 1.8874319e-21)
(0.1887680555 -1.083398758e-21 -1.083398758e-21)
(0.1917647591 0 -8.527666274e-33)
(0.1950815995 1.380558317e-21 1.380558317e-21)
(0.1987470032 1.067342347e-32 -1.067342347e-32)
(0.2027909933 -1.702042742e-21 -1.702042742e-21)
(0.2072450835 1.871830223e-21 -1.871830223e-21)
(0.2121421327 7.103335441e-33 4.094794092e-21)
(0.2175161565 -2.22839298e-21 -2.22839298e-21)
(0.2234021044 0 1.675109956e-32)
(0.2298355952 2.604518181e-21 2.604518181e-21)
(0.2368526148 -3.106582471e-37 3.106582471e-37)
(0.2444891918 -2.994248054e-21 -2.994248054e-21)
(0.2527810524 3.191613011e-21 -3.191613011e-21)
(0.2617632676 2.351618625e-32 6.777862318e-21)
(0.2714699047 -3.584738748e-21 -3.584738748e-21)
(0.2819336958 0 -2.621137629e-32)
(0.2931857335 3.965424877e-21 3.965424877e-21)
(0.305255209 -1.438755562e-32 -8.293861134e-21)
(0.3181691963 -4.320254532e-21 4.320254532e-21)
(0.3319524919 4.483707131e-21 4.483707131e-21)
(0.3466275126 5.146625856e-37 -5.146625856e-37)
(0.3622142911 -4.774624879e-21 -4.774624879e-21)
(0.3787307044 0 3.399405656e-32)
(0.3961926019 5.008251121e-21 5.008251121e-21)
(0.4146149968 -5.308937132e-32 -1.020142179e-20)
(0.4340129633 -5.175705464e-21 5.175705464e-21)
(0.4544108403 5.233104779e-21 5.233104779e-21)
(0.4758256847 -1.828364048e-32 1.828364048e-32)
(0.4983197054 -5.28980696e-21 -5.28980696e-21)
(0.5219158692 0 0)
(0.5465015711 5.280985307e-21 5.280985307e-21)
(0.5718816362 1.818114413e-32 -1.048105142e-20)
(0.5980525256 -5.174418468e-21 5.174418468e-21)
(0.6252276702 5.097102148e-21 5.097102148e-21)
(0.6534506082 1.737052037e-32 -1.737052037e-32)
(0.6826756244 -4.894491555e-21 -4.894491555e-21)
(0.7129858428 0 3.310484274e-32)
(0.7443730093 4.642228878e-21 4.642228878e-21)
(0.7766119483 -4.673461516e-32 -8.98051118e-21)
(0.8096842826 -4.320702563e-21 4.320702563e-21)
(0.8436750529 4.14433704e-21 4.14433704e-21)
(0.8784616512 1.371745985e-32 -1.371745985e-32)
(0.9140144857 -3.740123825e-21 -3.740123825e-21)
(0.9505293475 3.545833631e-21 -3.545833631e-21)
(0.9877110646 7.432603701e-37 6.694694252e-21)
(1.025165676 -3.112273861e-21 -3.112273861e-21)
(1.063066094 0 1.994310335e-32)
(1.101566131 0 2.655924306e-21)
(1.140280726 0 -8.453706157e-33)
(1.178711452 0 -2.191922136e-21)
(1.216807765 0 -1.92853496e-21)
(1.254937883 0 3.405071752e-21)
(1.292763717 0 -1.497087968e-21)
(1.329625685 0 -2.803993941e-37)
(1.365455725 1.039517337e-21 1.039517337e-21)
(1.400171021 2.866927976e-33 -2.866927976e-33)
(1.433512471 -6.184960017e-22 -6.184960017e-22)
(1.465356241 4.156918129e-22 -4.156918129e-22)
(1.495645653 8.066313657e-34 4.649913239e-22)
(1.52419448 -6.213238174e-23 -6.213238174e-23)
(1.550780917 0 -7.304770713e-34)
(1.575353914 -2.632186579e-22 -2.632186579e-22)
(1.59791831 -1.834253798e-37 1.834253798e-37)
(1.618515257 5.526646188e-22 5.526646188e-22)
(1.637207904 -6.861465017e-22 6.861465017e-22)
(1.654111145 -5.669741263e-33 -1.634191657e-21)
(1.669478773 9.35637823e-22 9.35637823e-22)
(1.683510105 0 7.206193749e-33)
(1.696275948 -1.135030072e-21 -1.135030072e-21)
(1.707872543 4.253621679e-33 2.452124421e-21)
(1.718434734 1.309288992e-21 -1.309288992e-21)
(1.728088347 0 -1.385302952e-21)
(1.736938905 0 0)
(1.745086368 0 1.520864375e-21)
(1.752620534 0 2.191519327e-32)
(1.759583667 -1.631952182e-21 -1.631952182e-21)
(1.765988323 -5.84787849e-33 3.371072434e-21)
(1.771914418 1.737875018e-21 -1.737875018e-21)
(1.777463545 -1.78351588e-21 -1.78351588e-21)
(1.782664659 -1.266530102e-32 1.266530102e-32)
(1.787530969 1.865593813e-21 1.865593813e-21)
(1.792089925 0 0)
(1.796365862 -1.940161366e-21 -1.940161366e-21)
(1.800378273 2.510451666e-78 3.948867858e-21)
(1.804143171 2.007244887e-21 -2.007244887e-21)
(1.807679204 -2.038498039e-21 -2.038498039e-21)
(1.811003494 -1.435053534e-32 1.435053534e-32)
(1.81412882 2.096443029e-21 2.096443029e-21)
(1.817067366 0 4.715119554e-37)
(1.819830253 -2.149358752e-21 -2.149358753e-21)
(1.822427357 -9.654872313e-37 4.348167935e-21)
(1.82486755 2.197736901e-21 -2.197736901e-21)
(1.827158794 -2.220367306e-21 -2.220367306e-21)
(1.829308298 2.489141214e-37 -2.489141214e-37)
(1.831322577 2.262731582e-21 2.262731582e-21)
(1.833207563 0 3.167558618e-32)
(1.834968666 -2.301474055e-21 -2.301474055e-21)
(1.836610853 1.382087452e-78 4.639125433e-21)
(1.838138692 2.336830361e-21 -2.336830361e-21)
(1.839556403 -2.353299537e-21 -2.353299537e-21)
(1.840867901 2.630107745e-37 -2.630107745e-37)
(1.842076829 2.383921248e-21 2.383921248e-21)
(1.843186583 -2.398108644e-21 2.398108644e-21)
(1.844200341 -2.677378096e-37 -4.823135598e-21)
(1.845121081 2.424312537e-21 2.424312537e-21)
(1.845951604 0 5.409796015e-37)
(1.846694544 -2.447708416e-21 -2.447708416e-21)
(1.847352387 -1.705817823e-32 1.705817823e-32)
(1.84792748 2.468385863e-21 2.468385863e-21)
(1.848422045 0 2.477729464e-21)
(1.848838186 0 -4.972842397e-21)
(1.849177899 0 2.494468979e-21)
(1.849443079 0 1.736139231e-32)
(1.849635531 -2.508661784e-21 -2.508661784e-21)
(1.849756969 2.79201135e-37 -2.79201135e-37)
(1.849809029 2.520361764e-21 2.520361764e-21)
(1.849793271 -2.525292136e-21 2.525292136e-21)
(1.849711185 -2.808438936e-37 -5.059233819e-21)
(1.849564193 2.533341373e-21 2.533341373e-21)
(1.849353658 0 2.252838443e-36)
(1.849080883 -2.539009439e-21 -2.539009439e-21)
(1.848747119 -2.821035199e-37 2.821035199e-37)
(1.848353565 2.542334675e-21 2.542334675e-21)
(1.847901371 -2.543130056e-21 2.543130056e-21)
(1.847391642 -8.824028602e-33 -5.086706166e-21)
(1.846825443 2.543007996e-21 2.543007996e-21)
(1.846203797 0 0)
(1.84552769 -2.540630088e-21 -2.540630088e-21)
(1.844798071 -8.806993214e-33 5.077210875e-21)
(1.844015858 2.53602904e-21 -2.53602904e-21)
(1.843181936 -2.532904901e-21 -2.532904901e-21)
(1.842297159 5.616034333e-37 -5.616034333e-37)
(1.841362355 2.525029364e-21 2.525029364e-21)
(1.840378324 0 -1.748799677e-32)
(1.839345841 0 -2.515010753e-21)
(1.838265656 0 5.018415615e-21)
(1.837138497 0 -2.502881143e-21)
(1.835965072 -2.496034824e-21 -2.496034824e-21)
(1.834746066 -8.63404247e-33 8.63404247e-33)
(1.833482147 2.480799637e-21 2.480799637e-21)
(1.832173962 0 1.715585356e-32)
(1.830822145 -2.46353543e-21 -2.46353543e-21)
(1.829427308 -1.849270204e-79 4.908305979e-21)
(1.827990051 2.444276037e-21 -2.444276037e-21)
(1.826510959 0 -2.433908912e-21)
(1.824990601 0 -8.40639526e-33)
(1.823429535 0 2.411721757e-21)
(1.821828303 0 3.33065166e-32)
(1.820187437 0 -2.387627238e-21)
(1.818507458 0 4.74975219e-21)
(1.816788874 0 -2.361661867e-21)
(1.815032185 -2.347989244e-21 -2.347989244e-21)
(1.813237878 8.09721376e-33 -8.09721376e-33)
(1.811406433 2.319287828e-21 2.319287828e-21)
(1.80953832 -2.304268663e-21 2.304268663e-21)
(1.807633999 -2.541089962e-37 -4.577620722e-21)
(1.805693925 2.272917857e-21 2.272917857e-21)
(1.803718543 0 1.5657279e-32)
(1.80170829 0 -2.239850207e-21)
(1.799663597 0 7.711488236e-33)
(1.797584887 0 2.205106087e-21)
(1.795472578 0 2.187118154e-21)
(1.793327081 0 -4.337453098e-21)
(1.791148801 0 2.149936499e-21)
(1.788938137 0 -1.478507088e-32)
(1.786695483 -2.111182166e-21 -2.111182166e-21)
(1.784421227 -2.321730048e-37 2.321730048e-37)
(1.782115754 2.070897674e-21 2.070897674e-21)
(1.779779442 -2.050195042e-21 2.050195041e-21)
(1.777412666 -1.407989081e-32 -4.058252225e-21)
(1.775015796 2.007696173e-21 2.007696173e-21)
(1.772589198 0 2.756092911e-32)
(1.770133233 -1.963775314e-21 -1.963775314e-21)
(1.767648258 -8.621083763e-37 8.621083763e-37)
(1.765134628 1.918476722e-21 1.918476722e-21)
(1.762592692 0 1.895324586e-21)
(1.760022798 0 -3.743689273e-21)
(1.757425289 0 1.848042446e-21)
(1.754800506 0 1.265682233e-32)
(1.752148787 -1.79949369e-21 -1.79949369e-21)
(1.749470465 6.157232797e-33 3.549516635e-21)
(1.746765873 1.74972309e-21 -1.74972309e-21)
(1.744035339 -1.724393617e-21 -1.724393617e-21)
(1.74127919 -1.886019686e-37 1.886019686e-37)
(1.738497749 1.672874383e-21 1.672874383e-21)
(1.735691339 0 1.142624777e-32)
(1.732860277 -1.620245507e-21 -1.620245507e-21)
(1.730004881 -5.528664223e-33 3.187057937e-21)
(1.727125466 1.566551828e-21 -1.566551828e-21)
(1.724222343 -1.539319674e-21 -1.539319674e-21)
(1.721295823 -1.573572614e-32 1.573572614e-32)
(1.718346215 1.484112636e-21 1.484112636e-21)
(1.715373824 0 1.010406255e-32)
(1.712378956 -1.427952348e-21 -1.427952348e-21)
(1.709361914 9.711024965e-33 2.799057163e-21)
(1.706322998 1.370883086e-21 -1.370883086e-21)
(1.703262508 -1.342021354e-21 -1.342021354e-21)
(1.700180742 -4.554914881e-33 4.554914881e-33)
(1.697077996 1.283671051e-21 1.283671051e-21)
(1.693954564 0 1.740515089e-32)
(1.69081074 -1.224521205e-21 -1.224521205e-21)
(1.687646816 -4.145074615e-33 2.389319915e-21)
(1.684463082 1.164614979e-21 -1.164614979e-21)
(1.681259827 -1.134391604e-21 -1.134391604e-21)
(1.678037339 -7.145082966e-55 7.145082966e-55)
(1.674795903 1.073430848e-21 1.073430848e-21)
(1.671535806 0 7.234749332e-33)
(1.668257331 -1.011819787e-21 -1.011819787e-21)
(1.664960761 -3.402993802e-33 1.961566827e-21)
(1.661646378 9.496000281e-22 -9.49600028e-22)
(1.658314462 -9.182747521e-22 -9.182747521e-22)
(1.654965292 -3.076552612e-33 3.076552612e-33)
(1.651599146 8.552188438e-22 8.552188438e-22)
(1.648216303 -8.234982847e-22 8.234982847e-22)
(1.644817038 -5.493128944e-33 -1.583311955e-21)
(1.641401626 7.596968683e-22 7.596968683e-22)
(1.637970343 0 1.00978374e-32)
(1.63452346 0 -6.954478491e-22)
(1.631061251 0 2.301119472e-33)
(1.627583988 0 6.307900538e-22)
(1.62409194 -5.983198312e-22 5.983198312e-22)
(1.620585379 -2.320825057e-78 -1.131523391e-21)
(1.617064572 5.331203248e-22 5.331203248e-22)
(1.613529788 0 0)
(1.609981294 -4.67606393e-22 -4.67606393e-22)
(1.606419357 -7.727716787e-55 7.727716787e-55)
(1.602844243 4.018146545e-22 4.018146545e-22)
(1.599256216 -3.688258731e-22 3.688258731e-22)
(1.595655542 1.164937354e-33 -6.715621533e-22)
(1.592042483 3.026846566e-22 3.026846566e-22)
(1.588417302 0 -1.870136595e-33)
(1.584780262 -2.363543057e-22 -2.363543057e-22)
(1.581131624 -7.812883988e-55 7.812883988e-55)
(1.577471649 1.698691241e-22 1.698691241e-22)
(1.573800597 -1.365790083e-22 1.365790083e-22)
(1.570118728 -7.165292234e-34 -2.065254876e-22)
(1.5664263 6.99244298e-23 6.99244298e-23)
(1.562723571 0 -2.537423225e-34)
(1.5590108 -3.197837617e-24 -3.197837617e-24)
(1.555288243 -2.363015265e-78 -6.036490432e-23)
(1.551556157 -6.356881555e-23 6.356881555e-23)
(1.547814797 9.695736232e-23 9.695736232e-23)
(1.544064419 4.521935031e-34 -4.521935031e-34)
(1.540305278 -1.637256586e-22 -1.637256586e-22)
(1.536537627 0 -1.36768473e-33)
(1.53276172 0 2.304570506e-22)
(1.52897781 0 -5.275992445e-22)
(1.525186149 0 2.971219051e-22)
(1.521386991 3.304202972e-22 3.304202972e-22)
(1.517580585 3.785422355e-33 -3.785422355e-33)
(1.513767183 -3.969311984e-22 -3.969311984e-22)
(1.509947035 0 -2.984863937e-33)
(1.506120391 4.633042946e-22 4.633042946e-22)
(1.502287501 1.653445978e-37 -9.928611588e-22)
(1.498448613 -5.295121854e-22 5.295121854e-22)
(1.494603976 0 5.625457837e-22)
(1.490753838 0 2.066153091e-33)
(1.486898445 0 -6.284558278e-22)
(1.483038046 0 -9.17803284e-33)
(1.479172887 6.941348254e-22 6.941348254e-22)
(1.475303213 2.521870745e-33 -1.453759507e-21)
(1.47142927 -7.59557477e-22 7.595574769e-22)
(1.467551304 7.921649219e-22 7.921649219e-22)
(1.463669559 2.861249608e-33 -2.861249608e-33)
(1.459784279 -8.571568606e-22 -8.571568606e-22)
(1.455895708 8.8953538e-22 -8.8953538e-22)
(1.452004089 3.198450774e-33 1.843663345e-21)
(1.448109665 -9.540428351e-22 -9.540428351e-22)
(1.444212679 0 6.842682253e-33)
(1.440313372 1.018198321e-21 1.018198321e-21)
(1.436411987 7.286556032e-33 -7.286556032e-33)
(1.432508763 -1.081979252e-21 -1.081979252e-21)
(1.428603943 0 -1.11372234e-21)
(1.424697766 0 2.290727091e-21)
(1.420790472 0 -1.176900184e-21)
(1.4168823 0 1.676894178e-32)
(1.41297349 1.239649163e-21 1.239649163e-21)
(1.40906428 1.410933901e-37 -1.410933901e-37)
(1.405154908 -1.301948372e-21 -1.301948372e-21)
(1.401245612 1.332922899e-21 -1.332922899e-21)
(1.39733663 -2.222835688e-78 2.727554687e-21)
(1.393428197 -1.394509213e-21 -1.394509213e-21)
(1.389520551 0 -9.888096133e-33)
(1.385613927 1.455595388e-21 1.455595388e-21)
(1.381708561 1.031048363e-32 -1.031048363e-32)
(1.377804689 -1.516161998e-21 -1.516161998e-21)
(1.373902545 1.5462445e-21 -1.5462445e-21)
(1.370002363 -3.499844857e-37 3.152379999e-21)
(1.366104378 -1.605996173e-21 -1.605996173e-21)
(1.362208822 0 -1.452758554e-36)
(1.358315929 1.665181363e-21 1.665181363e-21)
(1.354425932 5.878795334e-33 -5.878795334e-33)
(1.350539063 -1.723781922e-21 -1.723781922e-21)
(1.346655553 0 -1.752857385e-21)
(1.342775633 0 3.563560068e-21)
(1.338899536 0 -1.810547691e-21)
(1.33502749 0 -1.276131523e-32)
(1.331159727 1.867609412e-21 1.867609412e-21)
(1.327296475 6.577721736e-33 -3.79179842e-21)
(1.323437964 -1.924025487e-21 1.924025487e-21)
(1.319584423 1.951986155e-21 1.951986155e-21)
(1.31573608 1.373703781e-32 -1.373703781e-32)
(1.311893162 -2.007402386e-21 -2.007402386e-21)
(1.308055897 0 -9.036566389e-37)
(1.304224511 0 2.062131511e-21)
(1.300399232 0 -4.178466707e-21)
(1.296580285 0 2.116157383e-21)
(1.292767896 2.142901616e-21 2.142901616e-21)
(1.288962288 9.634355906e-37 -9.634355906e-37)
(1.285163688 -2.195842828e-21 -2.195842828e-21)
(1.281372319 0 -1.541797803e-32)
(1.277588405 2.248041393e-21 2.248041393e-21)
(1.273812168 7.889532392e-33 -4.547714724e-21)
(1.270043832 -2.299481908e-21 2.299481908e-21)
(1.266283617 2.324913136e-21 2.324913136e-21)
(1.262531746 -8.15345692e-33 8.15345692e-33)
(1.258788441 -2.375188106e-21 -2.375188106e-21)
(1.25505392 0 1.665194167e-32)
(1.251328405 2.424667315e-21 2.424667315e-21)
(1.247612115 5.438103036e-37 -4.898207762e-21)
(1.243905268 -2.473335971e-21 2.473335971e-21)
(1.240208083 2.497361758e-21 2.497361758e-21)
(1.236520779 8.746818367e-33 -8.746818367e-33)
(1.232843572 -2.544787166e-21 -2.544787166e-21)
(1.229176679 2.568183179e-21 -2.568183179e-21)
(1.225520316 -4.092061445e-79 5.182731342e-21)
(1.221874699 -2.61433286e-21 -2.61433286e-21)
(1.218240043 0 1.829843892e-32)
(1.214616562 2.659614225e-21 2.659614225e-21)
(1.211004471 -9.303902805e-33 9.303902805e-33)
(1.207403982 -2.704013149e-21 -2.704013149e-21)
(1.203815309 2.725877312e-21 -2.725877312e-21)
(1.200238663 9.531749621e-33 5.495031239e-21)
(1.196674256 -2.768926335e-21 -2.768926335e-21)
(1.193122298 0 -1.936026153e-32)
(1.189583001 2.811058087e-21 2.811058087e-21)
(1.186056573 9.824381126e-33 -9.824381126e-33)
(1.182543224 -2.852258813e-21 -2.852258813e-21)
(1.179043161 2.872505771e-21 -2.872505771e-21)
(1.175556593 3.211336596e-37 5.785029719e-21)
(1.172083726 -2.912284385e-21 -2.912284385e-21)
(1.168624767 0 2.034288602e-32)
(1.165179921 0 2.951098009e-21)
(1.161749393 0 1.030473884e-32)
(1.158333387 0 -2.988933219e-21)
(1.154932108 3.007479748e-21 -3.007479748e-21)
(1.151545756 3.149264317e-32 6.051553358e-21)
(1.148174536 -3.043822361e-21 -3.043822361e-21)
(1.144818648 0 0)
(1.141478292 3.079153391e-21 3.079153391e-21)
(1.138153669 -1.074291858e-32 -6.192870926e-21)
(1.134844977 -3.113459731e-21 3.113459731e-21)
(1.131552415 3.130224571e-21 3.130224571e-21)
(1.12827618 -6.987140567e-37 6.987140567e-37)
(1.125016469 -3.162969503e-21 -3.162969503e-21)
(1.121773478 0 -2.20590775e-32)
(1.118547402 3.194657389e-21 3.194657389e-21)
(1.115338435 -1.182783427e-78 -6.420201893e-21)
(1.112146771 -3.225275463e-21 3.225275463e-21)
(1.108972602 3.24017936e-21 3.24017936e-21)
(1.10581612 3.613566185e-37 -3.613566185e-37)
(1.102677516 -3.269169013e-21 -3.269169013e-21)
(1.09955698 0 -2.278213483e-32)
(1.096454701 3.297057416e-21 3.297057416e-21)
(1.093370868 1.148589828e-32 -6.621169563e-21)
(1.090305667 -3.323832206e-21 3.323832206e-21)
(1.087259285 0 3.336798167e-21)
(1.084231908 0 0)
(1.08122372 0 -3.36187964e-21)
(1.078234905 0 0)
(1.075265646 0 3.385817179e-21)
(1.072316123 0 -6.794706517e-21)
(1.069386519 0 3.408598917e-21)
(1.066477012 3.419552699e-21 3.419552699e-21)
(1.063587781 2.380188516e-32 -2.380188516e-32)
(1.060719004 -3.440578855e-21 -3.440578855e-21)
(1.057870858 0 -3.064791418e-36)
(1.055043518 3.460420297e-21 3.460420297e-21)
(1.052237159 -1.203822527e-32 -6.939786467e-21)
(1.049451955 -3.479065796e-21 3.479065796e-21)
(1.046688077 3.487936615e-21 3.487936615e-21)
(1.043945697 3.639203252e-32 -3.639203252e-32)
(1.041224986 -3.504767607e-21 -3.504767607e-21)
(1.038526113 0 -3.512725112e-21)
(1.035849244 0 7.040751075e-21)
(1.033194549 0 -3.527717589e-21)
(1.030562191 0 -4.905451017e-32)
(1.027952337 3.541471454e-21 3.541471454e-21)
(1.025365148 -7.877877997e-37 7.877877997e-37)
(1.022800787 -3.553976766e-21 -3.553976766e-21)
(1.020259413 3.559758022e-21 -3.559758022e-21)
(1.017741188 1.236974988e-32 7.130447147e-21)
(1.015246272 -3.57037219e-21 -3.57037219e-21)
(1.01277482 0 0)
(1.01032699 3.579714034e-21 3.579714034e-21)
(1.007902935 3.978933903e-37 -3.978933903e-37)
(1.005502809 -3.587774679e-21 -3.587774679e-21)
(1.003126766 3.591321873e-21 -3.591321873e-21)
(1.000774954 3.74124577e-32 7.189091203e-21)
(0.9984475252 -3.59744486e-21 -3.59744486e-21)
(0.9961446264 0 -4.996189392e-32)
(0.993866405 0 3.602266076e-21)
(0.9916130063 0 2.500906535e-32)
(0.9893845747 0 -3.605778014e-21)
(0.9871812528 0 -3.607040779e-21)
(0.9850031821 0 7.215947228e-21)
(0.9828505025 0 -3.608575711e-21)
(0.9807233526 0 -2.504060021e-32)
(0.9786218694 3.608784612e-21 3.608784612e-21)
(0.9765461886 -1.251911755e-32 -7.216779919e-21)
(0.9744964443 -3.607661656e-21 3.607661656e-21)
(0.9724727691 3.606599057e-21 3.606599056e-21)
(0.9704752943 1.250765528e-32 -1.250765528e-32)
(0.9685041495 -3.603468575e-21 -3.603468575e-21)
(0.9665594627 0 2.499132897e-32)
(0.9646413606 0 3.598994086e-21)
(0.9627499682 0 -7.192503242e-21)
(0.9608854089 0 3.593171771e-21)
(0.9590478045 3.589754157e-21 3.589754157e-21)
(0.9572372754 -1.2440237e-32 1.2440237e-32)
(0.95545394 -3.58190434e-21 -3.58190434e-21)
(0.9536979154 0 -2.482290147e-32)
(0.951969317 3.572699998e-21 3.572699998e-21)
(0.9502682585 9.785495534e-79 -7.13517879e-21)
(0.9485948517 -3.562139669e-21 3.562139669e-21)
(0.9469492072 3.556350755e-21 3.556350755e-21)
(0.9453314334 1.231770325e-32 -1.231770325e-32)
(0.9437416373 -3.543755339e-21 -3.543755339e-21)
(0.9421799241 0 -2.454408421e-32)
(0.9406463971 3.529803593e-21 3.529803593e-21)
(0.939141158 -2.443982787e-32 -7.044638922e-21)
(0.9376643067 -3.514496788e-21 3.514496788e-21)
(0.9362159413 0 3.506335866e-21)
(0.9347961579 0 -2.427112012e-32)
(0.9334050512 0 -3.489000717e-21)
(0.9320427137 3.479827352e-21 -3.479827352e-21)
(0.9307092361 7.705652702e-37 6.940634928e-21)
(0.9294047074 -3.46047163e-21 -3.46047163e-21)
(0.9281292146 0 2.394119962e-32)
(0.9268828429 3.439774731e-21 3.439774731e-21)
(0.9256656753 3.806871621e-37 -3.806871621e-37)
(0.9244777934 -3.417742484e-21 -3.417742484e-21)
(0.9233192763 3.406227701e-21 -3.406227701e-21)
(0.9221902015 1.177662732e-32 6.788763445e-21)
(0.9210906445 -3.382205567e-21 -3.382205567e-21)
(0.9200206788 0 -4.676248954e-32)
(0.9189803758 3.356867124e-21 3.356867124e-21)
(0.9179698049 3.480318676e-32 -3.480318676e-32)
(0.9169890337 -3.330221849e-21 -3.330221849e-21)
(0.9160381275 3.316412416e-21 -3.316412416e-21)
(0.9151171498 0 6.604560669e-21)
(0.9142261618 -3.287827107e-21 -3.287827107e-21)
(0.9133652227 0 2.27091963e-32)
(0.9125343898 0 3.257963589e-21)
(0.911733718 0 0)
(0.9109632602 0 -3.226835347e-21)
(0.9102230674 3.210801501e-21 -3.210801501e-21)
(0.909513188 1.108229007e-32 6.388914159e-21)
(0.9088336687 -3.177804114e-21 -3.177804114e-21)
(0.9081845537 0 0)
(0.9075658853 3.143581059e-21 3.143581059e-21)
(0.9069777033 1.346078483e-78 -6.25203085e-21)
(0.9064200456 -3.108150155e-21 3.108150155e-21)
(0.9058929476 3.089987679e-21 3.089987679e-21)
(0.9053964428 1.065651215e-32 -1.065651215e-32)
(0.9049305622 -3.05278123e-21 -3.05278123e-21)
(0.9044953345 0 0)
(0.9040907865 0 3.014417153e-21)
(0.9037169422 0 -5.98961591e-21)
(0.9033738238 0 2.974917859e-21)
(0.903061451 2.954749876e-21 2.954749876e-21)
(0.9027798411 3.257735308e-37 -3.257735308e-37)
(0.9025290092 -2.913592725e-21 -2.913592725e-21)
(0.9023089681 0 -2.007151395e-32)
(0.9021197281 2.871362308e-21 2.871362308e-21)
(0.9019612974 9.888046824e-33 -5.69970613e-21)
(0.9018336815 -2.828085806e-21 2.828085806e-21)
(0.9017368839 2.806064144e-21 2.806064144e-21)
(0.9016709055 9.658526974e-33 -9.658526974e-33)
(0.9016357449 -2.761272504e-21 -2.761272504e-21)
(0.9016313981 0 -1.900344777e-32)
(0.901657859 0 2.715508783e-21)
(0.9017151189 0 -5.384544694e-21)
(0.9018031668 0 2.668805008e-21)
(0.901921989 2.645110985e-21 2.645110985e-21)
(0.9020715698 9.094095554e-33 -9.094095554e-33)
(0.9022518906 -2.597060188e-21 -2.597060188e-21)
(0.9024629307 0 0)
(0.9027046667 2.548155407e-21 2.548155407e-21)
(0.9029770728 4.647943722e-79 -5.046788443e-21)
(0.9032801209 -2.498433443e-21 2.498433443e-21)
(0.9036137801 2.473277882e-21 2.473277882e-21)
(0.9039780174 1.698648693e-32 -1.698648693e-32)
(0.9043727969 -2.422402041e-21 -2.422402041e-21)
(0.9047980806 0 -2.396691782e-21)
(0.9052538276 0 4.741613545e-21)
(0.9057399949 0 -2.344752221e-21)
(0.9062565366 0 -1.608857215e-32)
(0.9068034047 2.292155689e-21 2.292155689e-21)
(0.9073805483 7.860464007e-33 -7.860464007e-33)
(0.9079879143 -2.238945334e-21 -2.238945334e-21)
(0.9086254467 2.212123773e-21 -2.212123773e-21)
(0.9092930874 7.58131563e-33 4.370330912e-21)
(0.9099907755 -2.158076093e-21 -2.158076093e-21)
(0.9107184476 0 -1.478534845e-32)
(0.9114760379 2.103527395e-21 2.103527395e-21)
(0.9122634779 7.203309708e-33 -7.203309708e-33)
(0.9130806966 -2.048524627e-21 -2.048524627e-21)
(0.9139276207 0 -4.0417358e-21)
(0.914804174 0 3.986231375e-21)
(0.915710278 0 0)
(0.9166458516 0 -1.344306156e-32)
(0.9176108112 0 1.909347607e-21)
(0.9186050707 0 -6.526984371e-33)
(0.9196285412 0 -1.85313831e-21)
(0.9206811317 1.824943397e-21 -1.824943397e-21)
(0.9217627483 6.233544229e-33 3.593393596e-21)
(0.9228732949 -1.768404921e-21 -1.768404921e-21)
(0.9240126726 0 1.207419027e-32)
(0.92518078 1.711711101e-21 1.711711101e-21)
(0.9263775135 -5.840570496e-33 -3.366644197e-21)
(0.9276027666 -1.654913692e-21 1.654913692e-21)
(0.9288564305 0 0)
(0.9301383938 0 -1.108809183e-32)
(0.9314485428 0 -1.089015179e-32)
(0.9327867611 0 0)
(0.9341529299 1.512808657e-21 1.512808657e-21)
(0.9355469278 5.149789208e-33 -2.968841367e-21)
(0.9369686311 -1.456058901e-21 1.456058901e-21)
(0.9384179136 1.427729785e-21 1.427729785e-21)
(0.9398946465 4.854971364e-33 -4.854971364e-33)
(0.9413986986 -1.371195327e-21 -1.371195327e-21)
(0.9429299365 0 -9.318357474e-33)
(0.9444882239 1.314868526e-21 1.314868526e-21)
(0.9460734225 2.85726738e-37 -2.573597661e-21)
(0.9476853914 -1.258799951e-21 1.258799951e-21)
(0.9493239871 0 -2.733098359e-37)
(0.950989064 0 8.346960875e-33)
(0.9526804739 0 0)
(0.9543980663 0 -2.388945025e-32)
(0.9561416883 1.120081996e-21 1.120081996e-21)
(0.9579111847 3.790840862e-33 -2.185270975e-21)
(0.9597063979 -1.065301532e-21 1.065301532e-21)
(0.9615271677 1.038085729e-21 1.038085729e-21)
(0.963373332 -2.244856665e-37 2.244856665e-37)
(0.9652447261 -9.840304044e-22 -9.840304044e-22)
(0.9671411831 9.572014884e-22 -9.572014884e-22)
(0.9690625337 3.228361746e-33 1.861023841e-21)
(0.9710086064 -9.039666735e-22 -9.039666735e-22)
(0.9729792274 0 -6.089758679e-33)
(0.9749742204 0 1.772182686e-32)
(0.9769934089 0 -1.145329502e-32)
(0.9790366122 0 1.663960021e-32)
(0.9811036462 7.735678821e-22 -7.735678821e-22)
(0.9831943251 7.785435654e-33 1.495967451e-21)
(0.9853084638 -7.225739898e-22 -7.225739898e-22)
(0.9874458677 0 -4.839092153e-33)
(0.9896063554 6.722914868e-22 6.722914868e-22)
(0.9917897107 -1.437572e-37 1.437572e-37)
(0.9939957794 -6.227458679e-22 -6.227458679e-22)
(0.9962242832 5.982560973e-22 -5.982560973e-22)
(0.9984751415 -1.991441997e-33 1.147914685e-21)
(1.000748021 -5.49859622e-22 -5.49859622e-22)
(1.003042652 0 -1.094802477e-32)
(1.005359584 0 4.460911785e-37)
(1.007696085 0 -9.964998537e-33)
(1.010058067 0 -6.320623926e-33)
(1.012431812 4.321561626e-22 -4.321561626e-22)
(1.0148472 4.549782389e-38 8.196159308e-22)
(1.017230262 -3.854140149e-22 -3.854140149e-22)
(1.01977926 0 0)
(1.021949301 3.332985668e-22 3.332985668e-22)
(1.025119523 1.149161249e-33 -1.149161249e-33)
(1.026303299 -2.97079901e-22 -2.97079901e-22)
(1.030759443 2.422250157e-22 -2.422250157e-22)
(1.031156014 3.085672761e-38 5.558653878e-22)
(1.036503762 -3.436201293e-22 -3.436201293e-22)
(1.034824051 0 -3.298248581e-33)
(1.04832383 0 -3.295126364e-21)
(1.111049029 -2.649800504e-21 6.747692831e-21)
(1.08709586 -3.770851985e-21 -4.843277722e-23)
(1.144109288 0 3.546759132e-21)
(1.183621306 6.779998368e-21 -3.389999184e-21)
(1.223739914 8.453262214e-23 3.206180688e-21)
(1.262952356 -8.012337431e-23 3.159163588e-21)
(1.300861703 7.519659409e-23 -5.817038231e-21)
(1.337038717 -2.753823534e-21 -3.49215359e-23)
(1.371236567 3.208319894e-23 2.497891288e-21)
(1.403237287 -2.268180696e-21 -2.239048011e-21)
(1.43284383 0 -2.033363747e-21)
(1.459899656 0 0)
(1.4842938 1.541471481e-21 0)
(1.505953296 1.708726604e-23 0)
(1.524841631 1.077390272e-21 2.183185959e-21)
(1.54095751 9.014558963e-22 9.014558963e-22)
(1.554332614 -6.849548368e-22 -6.849548368e-22)
(1.565029034 -4.858749452e-22 0)
(1.573136616 -4.021083023e-24 0)
(1.578770157 1.908701162e-24 -1.466971541e-22)
(1.582066453 5.547238736e-27 -4.20800966e-25)
(1.583181246 -1.715285957e-24 -3.430571914e-24)
(1.582286124 3.21726928e-24 2.537067286e-22)
(1.579565387 -3.512433798e-22 -3.512433798e-22)
(1.575212935 0 0)
(1.569429204 0 0)
(1.562418186 0 0)
(1.554384559 0 -5.9144888e-22)
(1.545530977 0 -8.034300893e-24)
(1.536055519 0 6.394327279e-22)
(1.526149352 0 -6.336655668e-22)
(1.5159946 0 -8.144184659e-24)
(1.505762471 0 6.171258508e-22)
(1.495611622 5.846222413e-22 5.846222413e-22)
(1.485686795 5.605964341e-22 5.605964341e-22)
(1.47611773 -1.033394461e-21 -5.166972304e-22)
(1.467018345 -4.880530109e-22 -9.575386828e-22)
(1.458486191 4.370495562e-22 -4.370495562e-22)
(1.450602181 0 0)
(1.443430573 3.37453154e-22 3.37453154e-22)
(1.437019206 3.76809498e-24 2.933734479e-22)
(1.431399958 -3.152813181e-24 0)
(1.426589435 -1.937710418e-22 0)
(1.422589834 -3.962549054e-24 1.522751333e-22)
(1.419389991 1.135956196e-22 1.440518749e-24)
(1.416966564 -9.380526391e-25 -9.380526391e-25)
(1.415285335 -3.629912715e-23 -3.629912715e-23)
(1.414302612 -1.307197246e-25 -1.307197246e-25)
(1.413966683 -4.657948073e-23 -4.657948073e-23)
(1.414219312 4.717216343e-23 4.717216343e-23)
(1.414997249 6.838532276e-23 8.783389135e-25)
(1.416233713 -8.405163769e-23 -8.514524366e-23)
(1.417859843 -1.2611236e-24 9.692613094e-23)
(1.419806081 2.139946978e-22 2.139946978e-22)
(1.422003473 1.462623898e-24 1.138754939e-22)
(1.424384867 -1.502889799e-24 -1.155082279e-22)
(1.426885997 1.507764005e-24 -1.173903298e-22)
(1.429446425 -1.153295957e-22 0)
(1.432010362 -1.097313722e-22 -1.097313722e-22)
(1.434527326 -1.052151105e-22 -1.052151105e-22)
(1.436952656 9.657622703e-23 9.657622703e-23)
(1.439247885 1.147473314e-24 8.933966931e-23)
(1.441380943 -1.028156887e-24 -7.902168699e-23)
(1.443326246 7.025895743e-23 -9.024095296e-25)
(1.445064623 0 6.02399825e-23)
(1.446583139 -9.918916102e-23 -9.918916102e-23)
(1.447874792 -1.03976865e-24 -1.03976865e-24)
(1.448938119 6.227891713e-23 6.227891713e-23)
(1.449776711 -2.209670303e-23 -2.209670303e-23)
(1.450398668 -1.433680945e-23 -1.433680945e-23)
(1.450815991 7.000962471e-24 7.000962471e-24)
(1.451043954 7.150679945e-25 2.126835268e-24)
(1.451100439 4.695854913e-24 4.573658131e-24)
(1.451005286 9.312588645e-24 2.793776594e-23)
(1.450779642 -2.559426675e-23 -2.559426675e-23)
(1.450445343 -1.594448788e-23 -1.594448788e-23)
(1.45002433 1.769809667e-23 3.516888002e-23)
(1.449538117 0 2.426861857e-25)
(1.449007316 1.915800169e-23 -1.940726942e-23)
(1.448451225 1.931821495e-23 3.81401854e-23)
(1.447887488 0 1.89557489e-23)
(1.447331823 0 -1.768859304e-23)
(1.446797831 -3.223525172e-23 -1.611762586e-23)
(1.446296869 -1.490739026e-23 -1.890422365e-25)
(1.445837996 1.294370636e-23 1.662488451e-25)
(1.445427985 -1.09368819e-23 -2.201606554e-23)
(1.445071393 -1.180739173e-25 8.956793013e-24)
(1.444770682 7.34459746e-24 1.468919492e-23)
(1.444526387 0 -5.512877284e-24)
(1.444337319 0 -3.953969491e-24)
(1.444200793 0 0)
(1.444112881 0 1.182438959e-24)
(1.444068666 0 1.392557892e-27)
(1.444062504 7.68215445e-25 1.546426201e-24)
(1.444088278 -1.425843711e-24 -1.425843711e-24)
(1.444139639 -1.979881949e-24 -1.979881949e-24)
(1.444210225 2.264860577e-24 2.264860577e-24)
(1.444293865 -2.379419041e-24 0)
(1.444384741 -3.096664654e-26 0)
(1.444477538 2.288325217e-24 0)
(1.444567546 2.038456324e-24 2.038456324e-24)
(1.444650742 -1.718360966e-24 -1.718360966e-24)
(1.444723832 -1.424496811e-24 -1.424496811e-24)
(1.444784271 1.014002172e-24 1.014002172e-24)
(1.444830254 -5.97476612e-25 -5.97476612e-25)
(1.444860679 -2.527779073e-27 -2.527779073e-27)
(1.444875094 -2.533146392e-27 -1.972240887e-25)
(1.44487363 7.261879574e-27 -5.581300724e-25)
(1.444856915 -8.98954622e-25 8.758621667e-25)
(1.444825986 1.176495245e-24 2.383605518e-24)
(1.444782197 1.849931792e-26 0)
(1.444727121 -2.110412956e-26 0)
(1.444662464 2.312991741e-26 -1.777696926e-24)
(1.444589977 -1.915746828e-24 -1.915746828e-24)
(1.444511385 0 0)
(1.444428316 0 0)
(1.444342254 0 2.018436001e-24)
(1.444254495 0 2.611303885e-26)
(1.444166119 0 -2.003616092e-24)
(1.444077975 1.936634695e-24 0)
(1.443990675 2.456950715e-26 0)
(1.443904601 -1.861485149e-24 0)
(1.44381992 1.788266112e-24 1.788266112e-24)
(1.443736604 -1.720932614e-24 -1.720932614e-24)
(1.443654459 -1.750488098e-24 -1.750488098e-24)
(1.443573154 3.376611939e-24 1.69921836e-24)
(1.443492254 2.15792867e-26 0)
(1.443411255 -1.671284433e-24 1.64981845e-24)
(1.443329616 -1.651054292e-24 -1.62957224e-24)
(1.443246787 1.63989713e-24 -1.704751747e-24)
(1.443162235 1.723823379e-24 1.701963421e-24)
(1.443075473 -1.727626826e-24 1.705437114e-24)
(1.442986071 0 2.258668528e-26)
(1.442893675 1.769976982e-24 -1.793006418e-24)
(1.442798016 2.349606426e-26 0)
(1.442698911 -1.865901804e-24 0)
(1.442596272 1.876742667e-24 1.876742667e-24)
(1.442490096 1.933752942e-24 1.933752942e-24)
(1.442380466 1.937291798e-24 0)
(1.44226754 -1.935397282e-24 -1.960910953e-24)
(1.442151541 -4.009542436e-24 -2.004771218e-24)
(1.442032753 0 0)
(1.441911504 -1.996734467e-24 0)
(1.44178816 -2.021779101e-24 -1.995811267e-24)
(1.441663113 1.988291974e-24 -2.586982751e-26)
(1.44153677 1.999977082e-24 1.999977082e-24)
(1.441409551 0 0)
(1.441281873 0 0)
(1.441154154 1.895967807e-24 -1.895967807e-24)
(1.441026799 2.418687011e-26 1.834753887e-24)
(1.440900203 -2.364299595e-26 3.681558351e-24)
(1.440774747 -3.518922507e-24 -3.54196505e-24)
(1.440650793 -1.788075884e-24 -3.486588063e-24)
(1.440528688 3.378001881e-24 1.667307463e-24)
(1.440408762 0 1.631540707e-24)
(1.440291326 0 0)
(1.440176677 0 0)
(1.440065093 0 0)
(1.439956839 0 0)
(1.439852166 0 0)
(1.439751309 0 0)
(1.439654491 0 0)
(1.439561922 -1.083352364e-24 -1.083352364e-24)
(1.439473798 -1.317149499e-26 -1.317149499e-26)
(1.439390301 1.224283669e-26 9.53191748e-25)
(1.439311601 8.581191572e-25 8.694314588e-25)
(1.439237849 8.187620133e-25 1.038280496e-26)
(1.439169185 -7.363239846e-25 -7.363239846e-25)
(1.439105728 0 0)
(1.439047581 -5.864371729e-25 -5.864371729e-25)
(1.438994826 -5.243420837e-25 -5.243420837e-25)
(1.438947522 9.000451144e-25 9.000451144e-25)
(1.438905706 3.939191874e-25 3.939191874e-25)
(1.438869391 -3.237309923e-25 -3.237309923e-25)
(1.438838562 0 0)
(1.438813177 0 0)
(1.438793166 0 -1.393884189e-25)
(1.438778427 0 -1.09822063e-27)
(1.43876883 3.2328675e-26 6.507798229e-26)
(1.438764217 -1.686858936e-26 -1.686858936e-26)
(1.438764398 6.236466438e-26 6.236466438e-26)
(1.438769155 1.060269956e-25 2.106921812e-25)
(1.438778245 1.434388329e-25 1.453051315e-25)
(1.438791401 2.323843857e-27 -1.786036111e-25)
(1.438808333 -2.128463784e-25 -2.128463784e-25)
(1.438828732 0 0)
(1.438852277 0 0)
(1.438878632 2.827914983e-25 2.827914983e-25)
(1.438907457 3.90273371e-27 3.90273371e-27)
(1.438938408 -3.178680669e-25 -3.178680669e-25)
(1.438971146 0 0)
(1.439005336 3.321894705e-25 0)
(1.439040656 -3.328173349e-25 -3.372047522e-25)
(1.439076801 -3.486118823e-25 -4.420798754e-27)
(1.439113486 3.445975039e-25 4.42601516e-27)
(1.439150452 0 -4.407025781e-27)
(1.43918747 3.357133728e-25 6.757947552e-25)
(1.439224342 -3.271904035e-25 -3.271904035e-25)
(1.439260909 -3.349146243e-25 -3.349146243e-25)
(1.439297051 3.249770917e-25 3.249770917e-25)
(1.439332689 -3.149890925e-25 -3.149890925e-25)
(1.43936779 -4.024458759e-27 -4.024458759e-27)
(1.439402366 3.080428616e-25 3.080428616e-25)
(1.439436476 0 0)
(1.439470227 2.962130597e-25 2.962130597e-25)
(1.439503771 3.826770419e-27 3.826770419e-27)
(1.439537309 -2.973888482e-25 -2.973888482e-25)
(1.439571082 0 0)
(1.439605376 -2.979251283e-25 0)
(1.439640513 2.991907456e-25 3.031348767e-25)
(1.439676851 3.185858256e-25 4.040032796e-27)
(1.439714777 -3.242549455e-25 -3.242549455e-25)
(1.439754698 -6.637930601e-25 0)
(1.439797043 -9.000785965e-27 0)
(1.439842249 7.333838488e-25 0)
(1.439890754 -3.800522337e-25 -3.800522337e-25)
(1.439942996 3.947242576e-25 3.947242576e-25)
(1.439999393 4.323626999e-25 1.096570808e-26)
(1.440060348 -4.499895758e-25 -8.999791516e-25)
(1.440126231 0 4.680818971e-25)
(1.440197373 -4.926983236e-25 6.410567299e-27)
(1.440274062 -6.736097412e-27 -5.244554615e-25)
(1.440356532 7.062245612e-27 0)
(1.440444958 -7.384142401e-27 0)
(1.440539449 5.992515806e-25 5.91554762e-25)
(1.440640046 -6.144954189e-25 7.995267636e-27)
(1.440746715 -6.44244279e-25 -8.274660604e-27)
(1.440859343 6.556119254e-25 6.64142188e-25)
(1.440977744 6.818314235e-25 0)
(1.441101647 0 0)
(1.441230709 0 0)
(1.441364504 -7.092606468e-25 -7.092606468e-25)
(1.441502538 -9.303458172e-27 -9.303458172e-27)
(1.441644241 7.26653648e-25 7.26653648e-25)
(1.441788983 0 0)
(1.441936069 -7.108366901e-25 0)
(1.442084752 -7.110277055e-25 -7.018952654e-25)
(1.442234235 0 -6.980757883e-25)
(1.442383681 1.345001801e-24 1.345001801e-24)
(1.44253222 1.696996943e-26 1.696996943e-26)
(1.44267895 -1.634480732e-26 -1.634480732e-26)
(1.442822956 1.216775299e-24 1.216775299e-24)
(1.442963299 -1.139417129e-24 -5.697085645e-25)
(1.443099055 -5.496668837e-25 -5.426964758e-25)
(1.443229268 1.004214407e-24 4.988618213e-25)
(1.443353021 5.976781543e-27 -4.533824822e-25)
(1.443469562 -4.22890109e-25 -4.283217049e-25)
(1.44357744 0 3.781295366e-25)
(1.443674673 -3.291372902e-25 0)
(1.443797055 -2.566562478e-25 0)
)
;

boundaryField
{
    inlet
    {
        type            fixedValue;
        value           uniform (0.2 0 0);
    }
    outlet
    {
        type            pressureInletOutletVelocity;
        value           uniform (1.443797055 -2.566562478e-25 0);
    }
    wall
    {
        type            empty;
    }
}


// ************************************************************************* //
