/*--------------------------------*- C++ -*----------------------------------*\
  =========                 |
  \\      /  F ield         | OpenFOAM: The Open Source CFD Toolbox
   \\    /   O peration     | Website:  https://openfoam.org
    \\  /    A nd           | Version:  7
     \\/     M anipulation  |
\*---------------------------------------------------------------------------*/
FoamFile
{
    version     2.0;
    format      ascii;
    class       volVectorField;
    location    "0.000558243009";
    object      U_0;
}
// * * * * * * * * * * * * * * * * * * * * * * * * * * * * * * * * * * * * * //

dimensions      [0 1 -1 0 0 0 0];

internalField   nonuniform List<vector> 
1500
(
(0.1906094091 0 0)
(0.2055920847 6.899013052e-26 6.899013052e-26)
(0.1900733095 -1.462202532e-27 -1.462202532e-27)
(0.2031127307 -1.541777373e-25 2.006026698e-27)
(0.1921968522 0 1.947632768e-25)
(0.2021622836 0 0)
(0.1945430066 2.685814867e-25 -2.685814867e-25)
(0.2009843183 -3.8167851e-27 -2.933477153e-25)
(0.1962127652 4.089047297e-27 3.183620714e-25)
(0.1997409719 -4.279183592e-27 -3.374447153e-25)
(0.1974893085 -6.728064055e-25 -6.684577119e-25)
(0.1989091189 3.408261501e-25 3.365040867e-25)
(0.1984671192 3.161921258e-25 3.203603775e-25)
(0.1986872313 3.911877865e-27 3.0456823e-25)
(0.1990655842 -2.794778411e-25 -3.544096858e-27)
(0.1991620897 -2.335089013e-25 -2.365871685e-25)
(0.1993722269 1.944819183e-25 0)
(0.1996590817 0 0)
(0.199913713 -9.696069456e-26 -9.696069456e-26)
(0.200158265 4.309057906e-26 8.563472056e-26)
(0.2004047683 -1.241151008e-26 -1.224789346e-26)
(0.2006413072 6.653862943e-26 1.330772589e-25)
(0.2008596125 0 0)
(0.2010549321 1.694136319e-25 -1.694136319e-25)
(0.201225157 -2.172010988e-25 -2.116923849e-25)
(0.2013670144 -2.477760245e-25 2.543087165e-25)
(0.2014774851 2.846840489e-25 2.846840489e-25)
(0.2015540296 0 0)
(0.2015956949 -3.378427848e-25 -3.378427848e-25)
(0.2016005587 3.575518165e-25 4.534163334e-27)
(0.2015723782 3.526485047e-25 3.572973538e-25)
(0.2015086623 -7.250170693e-25 0)
(0.2014101132 4.649684316e-27 0)
(0.2012845085 -4.543351609e-27 -3.537331372e-25)
(0.2011241107 -6.762570414e-25 -3.359430229e-25)
(0.2009351697 4.136023327e-27 0)
(0.2007309956 2.952550442e-25 0)
(0.2005092203 2.717701137e-25 0)
(0.2002710957 2.371519335e-25 2.40237548e-25)
(0.2000257202 0 2.020755884e-25)
(0.1997768582 0 0)
(0.1995280008 0 0)
(0.1992862877 0 -7.681741203e-26)
(0.1990558855 0 3.642222111e-28)
(0.1988401969 -2.214136386e-26 -4.399834385e-26)
(0.1986442931 9.503603989e-28 7.49427569e-26)
(0.1984711157 -1.62357979e-27 1.231601628e-25)
(0.1983234261 2.292840489e-27 -1.762213106e-25)
(0.1982043591 2.264328983e-25 0)
(0.1981156247 0 0)
(0.1980574594 0 0)
(0.1980312043 0 0)
(0.1980361991 0 0)
(0.1980712949 0 0)
(0.1981367308 0 0)
(0.1982288099 4.732228174e-25 4.732228174e-25)
(0.1983457409 -6.204457659e-27 -6.204457659e-27)
(0.1984862939 6.233410792e-27 6.233410792e-27)
(0.1986470838 -6.164071246e-27 -6.164071246e-27)
(0.198824861 -9.279139469e-25 -9.279139469e-25)
(0.1990166395 5.737177726e-27 5.737177726e-27)
(0.1992195376 4.140987837e-25 4.140987837e-25)
(0.1994296858 0 3.859003038e-25)
(0.1996440709 -3.465721443e-25 -4.451394616e-27)
(0.1998603541 3.882137567e-27 3.882137567e-27)
(0.2000753358 2.505173075e-25 -3.259508132e-27)
(0.2002859813 2.020355723e-25 2.594957873e-27)
(0.2004900742 1.460570336e-25 1.460570336e-25)
(0.2006852051 -9.24778921e-26 -9.24778921e-26)
(0.2008693945 4.689932421e-28 4.689932421e-28)
(0.2010410401 -1.881509401e-26 -1.881509401e-26)
(0.2011985926 7.344169848e-26 1.46883397e-25)
(0.2013406897 2.502168158e-25 2.485995404e-25)
(0.2014664115 -2.259006419e-27 -1.75879324e-25)
(0.2015749078 -4.428198931e-25 -4.428198931e-25)
(0.2016655466 -2.630171277e-25 3.422143644e-27)
(0.2017378764 0 -3.935860946e-27)
(0.2017918369 3.427069533e-25 4.401729066e-27)
(0.2018270762 7.456569586e-25 7.456569586e-25)
(0.2018437591 3.989092243e-25 3.989092243e-25)
(0.201842242 -4.294285767e-25 -4.294285767e-25)
(0.2018222534 -4.456097162e-25 -8.970173273e-25)
(0.2017841334 0 4.762790314e-25)
(0.2017274085 0 4.736356751e-25)
(0.2016530532 0 6.412200713e-27)
(0.2015635139 0 -6.54685134e-27)
(0.201458796 -1.035331146e-24 -1.546347838e-24)
(0.2013385834 1.343759497e-26 1.343759497e-26)
(0.2012045166 1.03850576e-24 1.03850576e-24)
(0.2010581179 5.262848545e-25 0)
(0.2009003453 -6.727614569e-27 0)
(0.2007325263 -5.116870219e-25 0)
(0.2005562962 -5.097252273e-25 0)
(0.2003733373 6.392501968e-27 4.977022198e-25)
(0.200185338 4.758529196e-25 -6.191409922e-27)
(0.1999940556 0 5.940824201e-27)
(0.1998013512 -4.389980799e-25 -4.446365581e-25)
(0.1996091072 -4.060097657e-25 -8.120195314e-25)
(0.1994191788 3.79343164e-25 7.58686328e-25)
(0.1992334019 3.38733718e-25 3.343264094e-25)
(0.1990535677 3.027501991e-25 -2.98861679e-25)
(0.1988813907 -3.31773802e-27 0)
(0.198718488 -2.07341074e-25 0)
(0.198566353 0 0)
(0.1984263489 0 0)
(0.1982996888 -4.541810611e-26 -4.541810611e-26)
(0.1981874322 -1.887895741e-28 1.450981048e-26)
(0.1980904672 -7.565798275e-26 -7.664237848e-26)
(0.1980095165 1.398874854e-25 1.796716207e-27)
(0.1979451391 2.012692766e-25 -2.618735998e-27)
(0.1978977179 -2.68085595e-25 -2.646422992e-25)
(0.1978674728 4.263133883e-27 3.319154841e-25)
(0.1978544513 -5.070959713e-27 -5.070959713e-27)
(0.197858556 -4.503509709e-25 -4.503509709e-25)
(0.1978795236 -5.1555388e-25 -5.1555388e-25)
(0.1979169503 7.350514997e-27 5.796422978e-25)
(0.1979703208 1.243731869e-24 6.098075943e-25)
(0.1980389747 -8.68013137e-27 -6.671304701e-25)
(0.1981221069 9.267780613e-27 0)
(0.1982188141 -9.795600328e-27 7.626617413e-25)
(0.1983281261 1.02580102e-26 7.884022252e-25)
(0.1984489506 -1.064959428e-26 -8.291495316e-25)
(0.1985801196 -8.428034422e-25 1.096581526e-26)
(0.1987204159 0 8.610119082e-25)
(0.1988685682 -8.842449857e-25 -1.768489971e-24)
(0.1990233024 1.142719065e-26 -8.66835018e-25)
(0.199183312 8.770411344e-25 8.770411344e-25)
(0.1993472716 0 0)
(0.1995138826 -8.659450872e-25 -8.659450872e-25)
(0.1996818827 1.085164785e-26 -8.340263324e-25)
(0.1998500601 8.07031753e-25 8.175321596e-25)
(0.2000172467 0 1.558319641e-24)
(0.200182333 7.452242684e-25 7.356525903e-25)
(0.2003442886 -9.004095022e-27 -7.010329971e-25)
(0.2005021629 -6.437180132e-25 8.375495048e-27)
(0.2006550926 5.989270821e-25 5.912344631e-25)
(0.2008023071 -6.962745963e-27 -5.421005143e-25)
(0.2009431299 -9.582493005e-25 -9.582493005e-25)
(0.2010769832 4.253286275e-25 4.253286275e-25)
(0.201203391 3.46776297e-25 3.46776297e-25)
(0.201321979 -2.87144715e-25 -2.87144715e-25)
(0.2014324792 2.255496789e-25 0)
(0.201534725 -1.627345162e-25 -1.606708638e-25)
(0.2016286485 -9.450322152e-26 1.245801626e-27)
(0.2017142818 3.481160275e-26 3.481160275e-26)
(0.2017917497 -2.380015318e-26 0)
(0.2018612586 -7.849985794e-26 -7.952122526e-26)
(0.2019230922 1.3128336e-25 1.686206698e-27)
(0.2019775969 1.762630067e-25 1.762630067e-25)
(0.2020251678 2.209182693e-25 0)
(0.2020662341 -3.314750219e-27 0)
(0.2021012392 -2.861655481e-25 0)
(0.2021306258 3.163757834e-25 3.163757834e-25)
(0.2021548157 -4.337847055e-27 -4.337847055e-27)
(0.2021741961 -3.497775302e-25 -3.497775302e-25)
(0.2021890952 0 0)
(0.2021997728 0 0)
(0.2022064142 0 0)
(0.2022091166 3.860977284e-25 3.860977284e-25)
(0.2022079004 -5.005406597e-27 -5.005406597e-27)
(0.2022027056 -3.884942835e-25 -3.884942835e-25)
(0.2021933774 0 0)
(0.2021796952 0 -4.058075852e-25)
(0.2021614014 0 5.342289098e-27)
(0.202138201 -4.296480736e-25 -5.518427219e-27)
(0.2021097768 -4.416588102e-25 -8.890640897e-25)
(0.2020758189 0 6.029906436e-27)
(0.2020360447 0 4.895368964e-25)
(0.2019902129 5.265545939e-25 5.265545939e-25)
(0.2019381394 5.538725281e-25 5.538725281e-25)
(0.2018797084 0 0)
(0.2018148802 0 0)
(0.2017436955 6.823341216e-25 0)
(0.2016662733 -9.329067478e-27 0)
(0.201582805 -7.61017263e-25 0)
(0.2014935452 0 0)
(0.2013988013 0 0)
(0.2012989217 -9.017009242e-25 -9.017009242e-25)
(0.2011942827 -9.305594756e-25 -9.305594756e-25)
(0.2010852755 9.817768649e-25 9.817768649e-25)
(0.2009722972 1.005771389e-24 1.005771389e-24)
(0.2008557445 -1.053808832e-24 -1.053808832e-24)
(0.2007360085 1.395582975e-26 1.395582975e-26)
(0.200613473 -1.43476884e-26 1.102730129e-24)
(0.2004885171 1.470961025e-26 0)
(0.2003615206 2.326775262e-24 0)
(0.2002328692 -1.209152722e-24 -1.193819249e-24)
(0.20010296 -2.396076766e-24 -1.198038383e-24)
(0.1999722098 0 0)
(0.1998410603 0 0)
(0.1997099816 2.498718991e-24 2.498718991e-24)
(0.1995794723 1.21916412e-24 1.21916412e-24)
(0.1994500589 -1.231140436e-24 -1.231140436e-24)
(0.1993222911 0 0)
(0.1991967341 1.218123307e-24 0)
(0.1990739582 -1.531357306e-26 0)
(0.1989545272 -2.302048679e-24 -1.158463974e-24)
(0.1988389858 1.434240626e-26 1.434240626e-26)
(0.1987278458 -1.370474519e-26 -1.370474519e-26)
(0.1986215718 -9.969754349e-25 1.29717293e-26)
(0.198520568 9.460982346e-25 9.339464986e-25)
(0.1984251678 8.650855588e-25 0)
(0.1983356234 -8.017503628e-25 -8.017503628e-25)
(0.1982521001 9.29340419e-27 -7.142641274e-25)
(0.1981746748 -8.259874057e-27 6.430924077e-25)
(0.1981033384 7.214530232e-27 5.544903183e-25)
(0.198038003 4.744996923e-25 4.806734788e-25)
(0.1979785153 -4.011053823e-25 -4.062571945e-25)
(0.1979246751 -6.435121204e-25 -6.393527747e-25)
(0.197876257 5.018800086e-25 4.986774963e-25)
(0.1978330356 3.484830272e-25 1.731005518e-25)
(0.1977948104 -1.07023766e-25 1.392495111e-27)
(0.1977614278 4.078480078e-26 4.026096078e-26)
(0.1977327972 3.3847862e-28 5.270565488e-26)
(0.1977088974 9.305128236e-26 9.184058201e-26)
(0.1976897708 0 -1.620058271e-25)
(0.1976755024 0 0)
(0.1976661855 0 3.121148832e-25)
(0.1976618727 0 -5.002587231e-27)
(0.1976625195 0 -4.607505811e-25)
(0.1976679241 0 5.405243372e-25)
(0.1976776738 0 -7.786777577e-27)
(0.1976911094 6.584781659e-25 8.457522914e-27)
(0.1977073114 6.824861099e-25 6.824861099e-25)
(0.1977251329 -6.995393974e-25 0)
(0.1977432556 -6.703230821e-25 0)
(0.1977603307 6.284698831e-25 0)
(0.1977750946 -7.065009569e-27 -5.500659949e-25)
(0.1977866504 5.789159604e-27 5.789159604e-27)
(0.1977945264 -3.470469024e-25 -3.470469024e-25)
(0.1977991833 -2.372448668e-25 -2.372448668e-25)
(0.1978016545 1.736872394e-25 1.736872394e-25)
(0.1978046796 0 0)
(0.1978108603 -2.427455141e-25 -2.427455141e-25)
(0.1978260511 5.545363829e-27 5.545363829e-27)
(0.1978526588 7.453932832e-25 7.453932832e-25)
(0.197901315 1.225510234e-24 1.225510234e-24)
(0.1979678486 -1.866219316e-24 -1.866219316e-24)
(0.1980747611 -2.522377703e-24 -2.522377703e-24)
(0.1981914513 -4.401854269e-26 -4.401854269e-26)
(0.1983822238 5.521802235e-26 4.354322281e-24)
(0.1985249153 1.018404984e-23 4.993287e-24)
(0.1988412992 -7.45964801e-26 -5.7332958e-24)
(0.19889109 -6.157001186e-24 0)
(0.1994804313 -6.301181827e-24 6.301181827e-24)
(0.1990372838 -5.811665554e-24 -5.96289946e-24)
(0.2004321197 9.840164357e-24 -4.793695366e-24)
(0.1983361646 3.234861445e-24 -4.264419015e-26)
(0.2035586045 -1.19339341e-24 1.552736378e-26)
(0.2004806061 0 -1.114084114e-23)
(0.1997695767 -4.391929576e-23 4.325621094e-23)
(0.1997449795 -1.321328806e-34 7.617429491e-23)
(0.1997379516 3.99684894e-23 -3.99684894e-23)
(0.1997280933 -4.225042156e-23 -4.225042156e-23)
(0.1997163746 -4.949089152e-39 4.949089152e-39)
(0.1997046566 4.687735457e-23 4.687735457e-23)
(0.199692728 0 3.412875908e-34)
(0.1996802257 -5.150484001e-23 -5.150484001e-23)
(0.1996672413 -3.735556842e-34 1.076700954e-22)
(0.1996537567 5.617734879e-23 -5.617734879e-23)
(0.1996397984 -5.852597011e-23 -5.852597011e-23)
(0.1996253489 5.54878484e-56 -5.54878484e-56)
(0.199610411 6.324591434e-23 6.324591434e-23)
(0.1995949852 -6.561488931e-23 6.561488931e-23)
(0.1995790713 -2.35883518e-34 -1.359775903e-22)
(0.1995626694 7.036676846e-23 7.036676846e-23)
(0.1995457801 0 4.845985888e-38)
(0.1995284038 -7.513140222e-23 -7.513140222e-23)
(0.1995105414 -2.689385713e-34 2.689385713e-34)
(0.199492194 7.99016007e-23 7.99016007e-23)
(0.1994733628 -8.228646769e-23 8.228646769e-23)
(0.1994540493 -5.874967492e-34 -1.693398279e-22)
(0.199434255 8.705097257e-23 8.705097257e-23)
(0.1994139819 0 3.971430042e-38)
(0.1993932321 -9.180195802e-23 -9.180195802e-23)
(0.1993720079 6.534033783e-34 -6.534033783e-34)
(0.1993503118 9.653136226e-23 9.653136226e-23)
(0.1993281465 -9.888538496e-23 9.888538496e-23)
(0.1993055152 1.123888516e-38 -2.024617561e-22)
(0.1992824209 1.035667676e-22 1.035667676e-22)
(0.1992588673 0 7.347495914e-34)
(0.1992348579 -1.082053626e-22 -1.082053626e-22)
(0.1992103969 -7.668128692e-34 7.668128692e-34)
(0.1991854883 1.127922802e-22 1.127922802e-22)
(0.1991601365 -1.150635233e-22 1.150635233e-22)
(0.1991343464 -1.302496036e-38 -2.346368265e-22)
(0.1991081228 1.195557793e-22 1.195557793e-22)
(0.1990814709 0 -8.449798892e-34)
(0.1990543963 -1.239731827e-22 -1.239731827e-22)
(0.1990269045 4.377015572e-34 2.523016217e-22)
(0.1989990016 1.283060969e-22 -1.283060969e-22)
(0.1989706938 -1.304378056e-22 -1.304378056e-22)
(0.1989419876 -9.197282579e-34 9.197282579e-34)
(0.1989128899 1.346254918e-22 1.346254918e-22)
(0.1988834076 0 1.896801324e-33)
(0.198853548 -1.387037547e-22 -1.387037547e-22)
(0.1988233188 4.881308682e-34 2.813972922e-22)
(0.1987927278 1.426623108e-22 -1.426623108e-22)
(0.1987617831 -1.445934368e-22 -1.445934368e-22)
(0.1987304932 -5.082742562e-34 5.082742562e-34)
(0.1986988667 1.483527827e-22 1.483527827e-22)
(0.1986669127 0 2.084143013e-33)
(0.1986346404 -1.519660032e-22 -1.519660032e-22)
(0.1986020593 -5.333382342e-34 3.074288843e-22)
(0.1985691793 1.554222839e-22 -1.554222839e-22)
(0.1985360104 -1.570881582e-22 -1.570881582e-22)
(0.1985025631 -1.762042574e-38 1.762042574e-38)
(0.1984688481 1.602884802e-22 1.602884802e-22)
(0.1984348763 0 0)
(0.1984006591 -1.633043062e-22 -1.633043062e-22)
(0.1983662079 -5.715550809e-34 3.294790719e-22)
(0.1983315346 1.661244375e-22 -1.661244375e-22)
(0.1982966513 -1.674575998e-22 -1.674575998e-22)
(0.1982615706 5.854636306e-34 -5.854636306e-34)
(0.198226305 1.699630324e-22 1.699630324e-22)
(0.1981908677 0 1.18747002e-33)
(0.1981552719 -1.722444754e-22 -1.722444754e-22)
(0.1981195311 1.560230959e-79 3.465952803e-22)
(0.1980836593 1.742905283e-22 -1.742905283e-22)
(0.1980476708 -1.752217124e-22 -1.752217124e-22)
(0.1980115798 -1.221868204e-33 1.221868204e-33)
(0.1979754011 1.768932563e-22 1.768932563e-22)
(0.19793915 -1.776307558e-22 1.776307558e-22)
(0.1979028415 6.185855082e-34 -3.566016787e-22)
(0.1978664914 1.789020835e-22 1.789020835e-22)
(0.1978301155 0 -1.24494746e-33)
(0.1977937301 -1.798923559e-22 -1.798923559e-22)
(0.1977573516 -6.254468572e-34 6.254468572e-34)
(0.1977209967 1.80590237e-22 1.80590237e-22)
(0.1976846825 -1.808260031e-22 1.808260031e-22)
(0.1976484263 6.279159511e-34 -3.619689015e-22)
(0.1976122456 1.810641841e-22 1.810641841e-22)
(0.1975761584 0 1.256422801e-33)
(0.1975401827 0 -1.809819614e-22)
(0.1975043369 0 1.254671727e-33)
(0.1974686397 0 1.80568321e-22)
(0.19743311 -1.802338148e-22 1.802338148e-22)
(0.197397767 -1.247699076e-33 -3.596247739e-22)
(0.1973626301 1.793027058e-22 1.793027058e-22)
(0.1973277189 0 3.968013666e-38)
(0.1972930537 -1.78013302e-22 -1.78013302e-22)
(0.1972586544 3.935318077e-38 -3.935318077e-38)
(0.1972245415 1.763551707e-22 1.763551707e-22)
(0.1971907356 -1.753846339e-22 1.753846338e-22)
(0.1971572578 -1.209536127e-33 -3.486362093e-22)
(0.1971241291 1.731543455e-22 1.731543455e-22)
(0.197091371 0 1.192741282e-33)
(0.197059005 0 -1.705302639e-22)
(0.197027053 0 3.381351007e-22)
(0.196995537 0 -1.675028255e-22)
(0.1969644793 -1.658349394e-22 -1.658349394e-22)
(0.1969339022 -1.821462618e-38 1.821462618e-38)
(0.1969038284 1.621852024e-22 1.621852024e-22)
(0.1968742809 0 -1.111618837e-33)
(0.1968452826 -1.581095727e-22 -1.581095727e-22)
(0.1968168567 -5.192826509e-38 3.118188204e-22)
(0.1967890267 1.535996559e-22 -1.535996559e-22)
(0.1967618162 -1.511793188e-22 -1.511793188e-22)
(0.1967352487 -5.157244041e-34 5.157244041e-34)
(0.1967093483 1.460030819e-22 1.460030819e-22)
(0.196684139 0 -9.939323782e-34)
(0.196659645 -1.403733211e-22 -1.403733211e-22)
(0.1966358905 -4.766388455e-34 2.747723802e-22)
(0.1966129002 1.342831212e-22 -1.342831212e-22)
(0.1965906984 -1.310633231e-22 -1.310633231e-22)
(0.1965693101 -1.418043895e-38 1.418043895e-38)
(0.1965487598 1.242705459e-22 1.242705459e-22)
(0.1965290727 0 -8.374977739e-34)
(0.1965102736 -1.170021916e-22 -1.170021916e-22)
(0.1964923876 3.926496795e-34 2.263761058e-22)
(0.1964754401 1.092531442e-22 -1.092531442e-22)
(0.1964594561 -1.051969161e-22 -1.051969161e-22)
(0.196444461 3.504795706e-34 -3.504795706e-34)
(0.19643048 9.671849805e-23 9.671849805e-23)
(0.1964175387 0 9.229539759e-23)
(0.1964056624 0 -1.754983277e-22)
(0.1963948766 0 8.307944565e-23)
(0.1963852067 0 -5.432177572e-34)
(0.1963766783 -7.33683463e-23 -7.33683463e-23)
(0.1963693168 -2.37055068e-34 2.37055068e-34)
(0.1963631476 6.316012492e-23 6.316012492e-23)
(0.1963581961 -5.786917117e-23 5.786917117e-23)
(0.1963544878 -1.819963448e-34 -1.049070358e-22)
(0.196352048 4.691312318e-23 4.691312317e-23)
(0.196350902 0 -1.831778821e-38)
(0.196351075 -3.545817576e-23 -3.545817575e-23)
(0.1963525921 3.280018134e-39 -3.280018134e-39)
(0.1963554785 2.350494855e-23 2.350494855e-23)
(0.196359759 -1.734189293e-23 1.734189293e-23)
(0.1963654585 -7.670852701e-35 -2.210972759e-23)
(0.1963726018 4.644167538e-24 4.644167538e-24)
(0.1963812134 0 -2.622757613e-35)
(0.1963913177 8.546731275e-24 8.546731275e-24)
(0.1964029391 1.063458511e-34 -1.063458511e-34)
(0.1964161016 -2.222727496e-23 -2.222727496e-23)
(0.1964308293 2.924981921e-23 -2.924981921e-23)
(0.1964471457 1.26271835e-34 7.278609872e-23)
(0.1964650745 -4.365626998e-23 -4.365626998e-23)
(0.1964846389 0 -1.133287416e-38)
(0.1965058621 5.85396122e-23 5.85396122e-23)
(0.1965287668 7.345019245e-39 -7.345019245e-39)
(0.1965533756 -7.389311744e-23 -7.389311744e-23)
(0.1965797109 8.174381493e-23 -8.174381493e-23)
(0.1966077946 3.112309526e-34 1.794181704e-22)
(0.1966376484 -9.778781718e-23 -9.778781718e-23)
(0.1966692938 0 -7.354229565e-34)
(0.1967027518 1.142808885e-22 1.142808885e-22)
(0.196738043 -4.256620885e-34 -2.453853401e-22)
(0.196775188 -1.312128138e-22 1.312128138e-22)
(0.1968142068 1.398398801e-22 1.398398801e-22)
(0.196855119 5.15447442e-34 -5.15447442e-34)
(0.1968979437 -1.574086999e-22 -1.574086999e-22)
(0.1969426999 0 -1.154265909e-33)
(0.1969894059 1.753863062e-22 1.753863062e-22)
(0.1970380797 -6.401761029e-34 -3.690482074e-22)
(0.1970887388 -1.937588006e-22 1.937588006e-22)
(0.1971414003 2.030884868e-22 2.030884868e-22)
(0.1971960807 4.718696253e-38 -4.718696253e-38)
(0.197252796 -2.220248527e-22 -2.220248527e-22)
(0.1973115619 0 1.607083422e-33)
(0.1973723933 2.413165413e-22 2.413165413e-22)
(0.1974353048 -8.711438515e-34 -5.0218024e-22)
(0.1975003103 -2.609457727e-22 2.609457727e-22)
(0.1975674232 2.708810995e-22 2.708810995e-22)
(0.1976366561 -2.36312174e-55 2.36312174e-55)
(0.1977080214 -2.909808153e-22 -2.909808153e-22)
(0.1977815306 0 -2.089578832e-33)
(0.1978571945 3.113686339e-22 3.113686339e-22)
(0.1979350236 1.116066976e-33 -6.433276354e-22)
(0.1980150273 -3.320227645e-22 3.320227645e-22)
(0.1980972148 3.424425716e-22 3.424425716e-22)
(0.1981815942 1.224398946e-33 -1.224398946e-33)
(0.1982681732 -3.634527843e-22 -3.634527843e-22)
(0.1983569585 3.740370161e-22 -3.740370161e-22)
(0.1984479563 4.270692283e-38 7.69339527e-22)
(0.1985411719 -3.953477589e-22 -3.953477589e-22)
(0.19863661 0 -1.803302666e-37)
(0.1987342744 4.168260565e-22 4.168260565e-22)
(0.1988341681 1.483650524e-33 -1.483650524e-33)
(0.1989362933 -4.384443256e-22 -4.384443256e-22)
(0.1990406514 4.49297009e-22 -4.49297009e-22)
(0.1991472431 -1.596497565e-33 9.203476386e-22)
(0.199256068 -4.710709825e-22 -4.710709825e-22)
(0.199367125 0 -3.344547401e-33)
(0.1994804121 4.929109242e-22 4.929109242e-22)
(0.1995959264 -1.747954429e-33 1.747954429e-33)
(0.199713664 -5.147852529e-22 -5.147852529e-22)
(0.1998336203 5.257251344e-22 -5.257251344e-22)
(0.1999557895 1.861798623e-33 1.073322528e-21)
(0.200080165 -5.475893799e-22 -5.475893799e-22)
(0.2002067394 0 3.875284012e-33)
(0.200335504 5.694042001e-22 5.694042001e-22)
(0.2004664493 -1.28848498e-37 1.28848498e-37)
(0.2005995648 -5.911341749e-22 -5.911341749e-22)
(0.200734839 6.01955992e-22 -6.01955992e-22)
(0.2008722594 2.125946813e-33 1.225485684e-21)
(0.2010118123 -6.234900072e-22 -6.234900072e-22)
(0.2011534831 0 -4.400877554e-33)
(0.2012972561 6.448461016e-22 6.448461016e-22)
(0.2014431146 -2.274032654e-33 -1.310890575e-21)
(0.2015910408 -6.659853052e-22 6.659853052e-22)
(0.2017410157 6.764611343e-22 6.764611342e-22)
(0.2018930193 -1.525152668e-37 1.525152668e-37)
(0.2020470305 -6.971998685e-22 -6.971998685e-22)
(0.202203027 0 -4.909094632e-33)
(0.2023609856 7.176202254e-22 7.176202254e-22)
(0.2025208815 2.524870775e-33 -1.455395761e-21)
(0.2026826893 -7.376800826e-22 7.376800826e-22)
(0.202846382 7.475614425e-22 7.475614425e-22)
(0.2030119318 -2.627454807e-33 2.627454807e-33)
(0.2031793094 -7.669998375e-22 -7.669998375e-22)
(0.2033484845 0 5.388369361e-33)
(0.2035194257 7.8596903e-22 7.8596903e-22)
(0.2036921001 8.829201e-38 -1.590527453e-21)
(0.2038664739 -8.044243062e-22 8.044243062e-22)
(0.2040425121 8.134450843e-22 8.134450843e-22)
(0.2042201783 2.85317939e-33 -2.85317939e-33)
(0.204399435 -8.310443201e-22 -8.310443201e-22)
(0.2045802434 0 5.825786908e-33)
(0.2047625635 8.480152988e-22 8.480152988e-22)
(0.2049463543 -2.97052607e-33 -1.712501293e-21)
(0.2051315733 -8.643114275e-22 8.643114275e-22)
(0.2053181768 8.721917584e-22 8.721917584e-22)
(0.20550612 3.05252151e-33 -3.05252151e-33)
(0.2056953568 -8.873874441e-22 -8.873874441e-22)
(0.2058858399 0 -6.208562923e-33)
(0.2060775207 0 9.017903155e-22)
(0.2062703494 0 -1.817359164e-21)
(0.2064642751 0 9.153527993e-22)
(0.2066592456 9.21804006e-22 9.21804006e-22)
(0.2068552072 3.21984432e-33 -3.21984432e-33)
(0.2070521055 -9.34016555e-22 -9.34016555e-22)
(0.2072498844 9.397659975e-22 -9.397659975e-22)
(0.207448487 9.838478612e-33 1.890539259e-21)
(0.2076478549 -9.505215267e-22 -9.505215267e-22)
(0.2078479287 0 -4.243342501e-37)
(0.2080486476 9.602465159e-22 9.602465159e-22)
(0.2082499499 -3.346895621e-33 3.346895621e-33)
(0.2084517725 -9.688939702e-22 -9.688939702e-22)
(0.2086540512 9.72799059e-22 -9.72799059e-22)
(0.2088567208 3.387628204e-33 1.952834703e-21)
(0.2090597147 -9.797431235e-22 -9.797431235e-22)
(0.2092629655 0 -6.820214444e-33)
(0.2094664044 9.85494422e-22 9.854944221e-22)
(0.2096699617 3.42771629e-33 -3.42771629e-33)
(0.2098735665 -9.90008097e-22 -9.90008097e-22)
(0.2100771469 9.917870303e-22 -9.917870303e-22)
(0.2102806299 -3.4459942e-33 1.986480409e-21)
(0.2104839436 -9.943622208e-22 -9.943622208e-22)
(0.2106870051 0 -6.904784211e-33)
(0.2108897438 9.955923769e-22 9.955923769e-22)
(0.2110921037 6.909197524e-33 -6.909197524e-33)
(0.2112939892 -9.954590907e-22 -9.954590907e-22)
(0.2114950938 9.946501261e-22 -9.946501261e-22)
(0.211695113 3.445214878e-33 1.98603116e-21)
(0.2118940834 -9.906953728e-22 -9.906953728e-22)
(0.212092697 0 6.856658055e-33)
(0.2122912743 9.856345295e-22 9.856345295e-22)
(0.2124894371 -6.821023843e-33 -1.966026268e-21)
(0.212686925 -9.801932549e-22 9.801932549e-22)
(0.2128834402 9.770760597e-22 9.770760597e-22)
(0.2130786841 3.377603872e-33 -3.377603872e-33)
(0.213272357 -9.695394435e-22 -9.695394435e-22)
(0.2134641537 0 0)
(0.2136537556 9.595675888e-22 9.595675888e-22)
(0.2138408386 -3.307667427e-33 -1.906801471e-21)
(0.2140250981 -9.463050318e-22 9.463050318e-22)
(0.2142061293 9.381452626e-22 9.381452626e-22)
(0.2143845244 6.448719924e-33 -6.448719924e-33)
(0.2145609479 -9.204269542e-22 -9.204269542e-22)
(0.2147352304 0 0)
(0.2149073453 9.021796465e-22 9.021796465e-22)
(0.2150770644 -3.097617853e-33 -1.785655118e-21)
(0.2152440349 -8.830110686e-22 8.830110686e-22)
(0.215408035 8.726279232e-22 8.726279232e-22)
(0.2155689679 2.638455604e-55 -2.638455604e-55)
(0.2157267436 -8.501868514e-22 -8.501868514e-22)
(0.2158812535 0 -1.861004358e-37)
(0.2160323883 8.254897219e-22 8.254897219e-22)
(0.2161800411 -2.818188255e-33 -1.624574922e-21)
(0.2163241032 -7.98512127e-22 7.98512127e-22)
(0.2164644649 7.841608519e-22 7.841608518e-22)
(0.2166010154 8.540178315e-38 -8.540178315e-38)
(0.2167336433 -7.537195423e-22 -7.537195423e-22)
(0.2168622361 7.376242964e-22 -7.376242964e-22)
(0.2169866808 5.002544927e-33 1.441885406e-21)
(0.2171068634 -7.036724442e-22 -7.036724442e-22)
(0.2172226694 0 -3.045614101e-37)
(0.2173339836 6.67357289e-22 6.67357289e-22)
(0.2174406901 -4.498327314e-33 4.498327314e-33)
(0.2175426726 -6.286628919e-22 -6.286628919e-22)
(0.2176398143 6.084191119e-22 -6.084191119e-22)
(0.2177319978 -2.038562296e-33 1.175151155e-21)
(0.2178191053 -5.661309578e-22 -5.661309578e-22)
(0.2179010188 0 0)
(0.21797762 0 5.214339754e-22)
(0.2180487903 0 -1.72851897e-33)
(0.2181144107 0 -4.743208805e-22)
(0.2181743624 4.498567839e-22 -4.498567839e-22)
(0.2182285264 9.432171165e-38 8.495744509e-22)
(0.2182767835 -3.991121184e-22 -3.991121184e-22)
(0.2183190148 0 2.586790384e-33)
(0.2183551013 3.459459088e-22 3.459459088e-22)
(0.2183849241 2.209729926e-33 -2.209729926e-33)
(0.2184083646 -2.903615134e-22 -2.903615134e-22)
(0.2184253045 2.616644675e-22 -2.616644675e-22)
(0.2184356256 2.101300608e-78 4.647313527e-22)
(0.2184392104 -2.02466535e-22 -2.02466535e-22)
(0.2184359414 0 1.193272354e-33)
(0.2184257021 0 1.408739411e-22)
(0.2184083762 0 -2.183689005e-22)
(0.2183838481 0 7.690253739e-23)
(0.2183520029 4.403078789e-23 4.403078789e-23)
(0.2183127266 -2.3474657e-39 2.3474657e-39)
(0.2182659059 2.347059447e-23 2.347059447e-23)
(0.2182114283 0 4.031194852e-34)
(0.2181491823 -9.32938958e-23 -9.32938958e-23)
(0.2180790577 -4.477626343e-34 2.581341056e-22)
(0.2180009451 1.654090977e-22 -1.654090977e-22)
(0.2179147364 -2.023156037e-22 -2.023156037e-22)
(0.2178203247 -1.663767676e-33 1.663767676e-33)
(0.2177176045 2.778028896e-22 2.778028896e-22)
(0.2176064718 0 2.195281509e-33)
(0.2174868238 -3.554878611e-22 -3.554878611e-22)
(0.2173585595 -1.370874782e-33 7.902807972e-22)
(0.2172215796 4.353248736e-22 -4.353248736e-22)
(0.2170757865 -4.760348461e-22 -4.760348461e-22)
(0.2169210844 9.751636091e-55 -9.751636091e-55)
(0.2167573794 5.590040218e-22 5.590040218e-22)
(0.2165845798 0 4.172001886e-33)
(0.2164025958 -6.439903671e-22 -6.439903671e-22)
(0.2162113401 -1.525936382e-37 1.374441304e-21)
(0.2160107275 7.309314188e-22 -7.309314187e-22)
(0.2158006754 -7.751140817e-22 -7.751140817e-22)
(0.2155811039 -2.844112947e-33 2.844112947e-33)
(0.2153519355 8.648591924e-22 8.648591924e-22)
(0.2151130958 0 -1.263377174e-32)
(0.2148645132 -9.563810066e-22 -9.563810066e-22)
(0.2146061194 3.479215014e-33 2.005566726e-21)
(0.2143378493 1.04959948e-21 -1.04959948e-21)
(0.214059641 -1.096818562e-21 -1.096818562e-21)
(0.2137714367 -3.811715911e-37 3.811715911e-37)
(0.2134731819 1.19242083e-21 1.19242083e-21)
(0.2131648266 -1.240780834e-21 1.240780834e-21)
(0.2128463246 -8.94768592e-33 -2.578994878e-21)
(0.2125176343 1.33855827e-21 1.33855827e-21)
(0.2121787189 0 9.630534067e-33)
(0.2118295465 -1.437661568e-21 -1.437661568e-21)
(0.2114700904 -5.161088705e-33 5.161088705e-33)
(0.2111003296 1.537985599e-21 1.537985599e-21)
(0.210720249 0 1.588571229e-21)
(0.2103298397 0 -3.278840931e-21)
(0.2099290997 0 1.690518854e-21)
(0.2095180341 0 2.417304775e-32)
(0.2090966557 -1.793403893e-21 -1.793403893e-21)
(0.2086649856 -6.401685757e-33 6.401685757e-33)
(0.2082230534 1.89710536e-21 1.89710536e-21)
(0.2077708987 -1.949223358e-21 1.949223358e-21)
(0.2073085708 -6.944314464e-33 -4.002996644e-21)
(0.2068361304 2.05391408e-21 2.05391408e-21)
(0.2063536498 0 1.461739813e-32)
(0.2058612144 -2.15910234e-21 -2.15910234e-21)
(0.2053589235 -7.674112639e-33 7.674112639e-33)
(0.2048468915 2.264655184e-21 2.264655184e-21)
(0.2043252492 -2.317526149e-21 2.317526149e-21)
(0.2037941456 -8.223580589e-33 -4.740874869e-21)
(0.2032537489 2.423371918e-21 2.423371918e-21)
(0.2027042489 0 1.718286925e-32)
(0.2021458587 -2.529241805e-21 -2.529241805e-21)
(0.2015788168 9.308401347e-79 5.164285768e-21)
(0.20100339 2.634998572e-21 -2.634998572e-21)
(0.2004198754 0 -2.687791862e-21)
(0.1998286042 0 0)
(0.1992299442 0 2.793123938e-21)
(0.1986243042 0 -1.974552143e-32)
(0.1980121377 -2.898006448e-21 -2.898006448e-21)
(0.1973939474 1.023569684e-32 5.900477501e-21)
(0.1967702906 3.002310863e-21 -3.002310863e-21)
(0.1961417838 -3.054207602e-21 -3.054207602e-21)
(0.19550911 -1.077545978e-32 1.077545978e-32)
(0.1948730244 3.157416422e-21 3.157416422e-21)
(0.1942343626 0 4.452823905e-32)
(0.1935940481 -3.259753071e-21 -3.259753071e-21)
(0.1929531017 -3.675461709e-37 6.621123193e-21)
(0.1923126515 3.361113893e-21 -3.361113893e-21)
(0.1916739434 0 -3.411398369e-21)
(0.1910383529 0 3.842930337e-37)
(0.1904073987 0 3.511119888e-21)
(0.1897827562 0 4.941078031e-32)
(0.189166273 -3.609641706e-21 -3.609641706e-21)
(0.1885599858 -1.269271858e-32 7.316854101e-21)
(0.1879661382 3.706881241e-21 -3.706881241e-21)
(0.1873872001 -3.75499282e-21 -3.75499282e-21)
(0.1868258887 -1.319301385e-32 1.319301385e-32)
(0.1862851901 3.850135166e-21 3.850135166e-21)
(0.1857683835 -3.897133731e-21 3.897133731e-21)
(0.1852790648 -2.736507882e-32 -7.887446961e-21)
(0.1848211762 3.989877659e-21 3.989877659e-21)
(0.1843990278 0 5.600648205e-32)
(0.1840173255 -4.080738909e-21 -4.080738909e-21)
(0.1836812031 -1.431360719e-32 1.431360719e-32)
(0.1833962488 4.169337751e-21 4.169337751e-21)
(0.1831685323 -4.212612616e-21 4.212612616e-21)
(0.183004631 -1.476369988e-32 -8.51014889e-21)
(0.1829116591 4.296596012e-21 4.296596012e-21)
(0.1828972921 0 3.009412583e-32)
(0.1829697854 -4.376157086e-21 -4.376157086e-21)
(0.1831379951 -4.593908186e-32 4.593908186e-32)
(0.1834113943 4.449592266e-21 4.449592266e-21)
(0.1838000857 -4.483280909e-21 4.483280909e-21)
(0.1843148108 -1.56626388e-32 -9.028896544e-21)
(0.1849669554 4.54263691e-21 4.54263691e-21)
(0.1857685523 0 3.169213377e-32)
(0.1867322805 -4.587886074e-21 -4.587886074e-21)
(0.1878714627 -3.194327402e-32 3.194327402e-32)
(0.1892000615 4.613872297e-21 4.613872297e-21)
(0.190732674 -4.617690226e-21 4.617690226e-21)
(0.1924845274 -1.600873919e-32 -9.228409836e-21)
(0.1944714737 4.602450861e-21 4.602450861e-21)
(0.1967099861 0 -3.178693091e-32)
(0.1992171543 -4.550078482e-21 -4.550078482e-21)
(0.2020106812 5.00421651e-37 -5.00421651e-37)
(0.2051088772 4.452375299e-21 4.452375299e-21)
(0.2085306542 -4.384070669e-21 4.384070669e-21)
(0.2122955185 -2.984954231e-32 -8.603269505e-21)
(0.2164235571 4.204343554e-21 4.204343554e-21)
(0.2209354255 0 2.839137062e-32)
(0.2258523302 -3.963098594e-21 -3.963098594e-21)
(0.2311960065 1.324832352e-32 7.637138545e-21)
(0.2369886903 3.6580682e-21 -3.6580682e-21)
(0.2432531026 -3.48184447e-21 -3.48184447e-21)
(0.2500123404 -3.653040652e-37 3.653040652e-37)
(0.2572898712 3.084314204e-21 3.084314204e-21)
(0.2651092571 0 -1.987614671e-32)
(0.2734943648 -2.632066451e-21 -2.632066451e-21)
(0.2824678701 2.485543109e-32 4.776111113e-21)
(0.2920542711 2.133734197e-21 -2.133734197e-21)
(0.302282802 -1.869527206e-21 -1.869527206e-21)
(0.3131769025 5.547055828e-33 -5.547055828e-33)
(0.3248236253 1.320566922e-21 1.320566922e-21)
(0.3373303481 0 0)
(0.3506647831 -7.26228357e-22 -7.26228357e-22)
(0.3645307068 -1.535799262e-33 8.853563295e-22)
(0.3789875401 1.736621831e-22 -1.736621831e-22)
(0.3943439691 1.102729451e-22 1.102729451e-22)
(0.4105973226 1.373225281e-33 -1.373225281e-33)
(0.4277161659 -6.750551626e-22 -6.750551626e-22)
(0.4457847614 0 6.624850923e-33)
(0.4648112913 1.235442132e-21 1.235442132e-21)
(0.4847124233 -1.565834672e-32 -3.008903729e-21)
(0.5055262844 -1.766193995e-21 1.766193995e-21)
(0.527329176 2.020789288e-21 2.020789288e-21)
(0.5501979036 7.869556301e-33 -7.869556301e-33)
(0.5742817973 -2.547695746e-21 -2.547695746e-21)
(0.5989472241 2.792861848e-21 -2.792861848e-21)
(0.6240165033 6.623053901e-37 5.965516616e-21)
(0.6502139643 -3.195613648e-21 -3.195613648e-21)
(0.6776294768 0 2.385868073e-32)
(0.7056726357 0 3.653134365e-21)
(0.7341041957 0 -1.327683943e-32)
(0.763303296 0 -4.015703146e-21)
(0.793191907 0 -4.232412191e-21)
(0.8230277956 0 8.819146755e-21)
(0.8525888298 0 -4.548378283e-21)
(0.882156988 0 -1.044524886e-36)
(0.911512187 4.854201837e-21 4.854201837e-21)
(0.9403708603 1.731368727e-32 -1.731368727e-32)
(0.9685158563 -5.116045144e-21 -5.116045144e-21)
(0.9957210398 5.237691763e-21 -5.237691763e-21)
(1.021634723 1.852443786e-32 1.067861138e-20)
(1.046067081 -5.421054067e-21 -5.421054067e-21)
(1.069005496 0 3.813530846e-32)
(1.090365988 5.558973044e-21 5.558973044e-21)
(1.110152288 2.491642944e-36 -2.491642944e-36)
(1.128420508 -5.654989999e-21 -5.654989999e-21)
(1.145237419 5.691341043e-21 -5.691341043e-21)
(1.160701413 3.970468665e-32 1.144409677e-20)
(1.17493023 -5.753235304e-21 -5.753235304e-21)
(1.187946938 0 -4.01124292e-32)
(1.199762085 5.79854576e-21 5.79854576e-21)
(1.210475158 -2.016606659e-32 -1.162531792e-20)
(1.220195276 -5.823932795e-21 5.823932795e-21)
(1.229013268 0 5.831058414e-21)
(1.237053486 0 0)
(1.24444283 0 -5.838378508e-21)
(1.251308646 0 -8.107324866e-32)
(1.257740107 5.850061022e-21 5.850061022e-21)
(1.263708406 2.031630383e-32 -1.171155179e-20)
(1.269204717 -5.854181665e-21 5.854181665e-21)
(1.27434055 5.853899334e-21 5.853899334e-21)
(1.279182445 4.062753265e-32 -4.062753265e-32)
(1.283726547 -5.853464558e-21 -5.853464558e-21)
(1.287992804 0 0)
(1.292006538 5.84692684e-21 5.84692684e-21)
(1.295788823 -5.674486453e-80 -1.168424695e-20)
(1.299359016 -5.836213039e-21 5.836213039e-21)
(1.302735653 5.829346892e-21 5.829346892e-21)
(1.305936833 4.039618275e-32 -4.039618275e-32)
(1.308976345 -5.813209062e-21 -5.813209062e-21)
(1.311866263 0 -1.288731747e-36)
(1.31461771 5.793918847e-21 5.793918847e-21)
(1.317240126 2.568253807e-36 -1.156638689e-20)
(1.319742043 -5.771781902e-21 5.771781902e-21)
(1.322130976 5.759708425e-21 5.759708425e-21)
(1.324413719 -6.380446892e-37 6.380446892e-37)
(1.326596388 -5.733663164e-21 -5.733663164e-21)
(1.328684544 0 -7.93746583e-32)
(1.330683265 5.705213299e-21 5.705213298e-21)
(1.332597204 7.684990219e-79 -1.138025913e-20)
(1.33443065 -5.674494234e-21 5.674494234e-21)
(1.336187569 5.658322255e-21 5.658322255e-21)
(1.337871633 -6.263465003e-37 6.263465003e-37)
(1.339486256 -5.624424127e-21 -5.624424127e-21)
(1.341034619 5.606724713e-21 -5.606724713e-21)
(1.34251969 6.204528235e-37 1.117708442e-20)
(1.343944245 -5.569888923e-21 -5.569888923e-21)
(1.34531088 0 -1.232520061e-36)
(1.346622032 5.531217797e-21 5.531217797e-21)
(1.347879989 3.82411803e-32 -3.82411803e-32)
(1.349086899 -5.490803874e-21 -5.490803874e-21)
(1.350244785 0 -5.469971123e-21)
(1.351355553 0 1.089747102e-20)
(1.352421 0 -5.427107509e-21)
(1.353442821 0 -3.750779773e-32)
(1.354422618 5.382715252e-21 5.382715252e-21)
(1.355361906 -5.950763177e-37 5.950763177e-37)
(1.356262118 -5.336874249e-21 -5.336874249e-21)
(1.357124611 5.313434645e-21 -5.313434644e-21)
(1.357950673 5.872704016e-37 1.057932305e-20)
(1.358741523 -5.265564094e-21 -5.265564094e-21)
(1.35949832 0 -4.655077573e-36)
(1.360222163 5.216432353e-21 5.216432353e-21)
(1.360914099 5.763629213e-37 -5.763629213e-37)
(1.361575122 -5.166109966e-21 -5.166109966e-21)
(1.362206179 5.140523667e-21 -5.140523667e-21)
(1.362808172 1.774505917e-32 1.022933016e-20)
(1.363381959 -5.088542356e-21 -5.088542356e-21)
(1.363928361 0 0)
(1.364448159 5.035536423e-21 5.035536423e-21)
(1.3649421 1.737619864e-32 -1.001733765e-20)
(1.365410898 -4.981568313e-21 4.981568313e-21)
(1.365855234 4.954242352e-21 4.954242352e-21)
(1.366275762 -1.093946771e-36 1.093946771e-36)
(1.366673106 -4.898943256e-21 -4.898943256e-21)
(1.367047865 0 3.379924379e-32)
(1.367400612 0 4.842828553e-21)
(1.367731897 0 -9.628965174e-21)
(1.368042249 0 4.785953143e-21)
(1.368332175 4.757246756e-21 4.757246756e-21)
(1.368602163 1.640430335e-32 -1.640430335e-32)
(1.368852681 -4.699328654e-21 -4.699328654e-21)
(1.369084181 0 -3.240553221e-32)
(1.369297098 4.640778001e-21 4.640778001e-21)
(1.369491851 5.506520952e-79 -9.222560898e-21)
(1.369668845 -4.581642484e-21 4.581642484e-21)
(1.369828468 0 4.551869755e-21)
(1.369971099 0 1.568822531e-32)
(1.370097101 0 -4.491941972e-21)
(1.370206827 0 -6.192186171e-32)
(1.370300619 0 4.431539813e-21)
(1.370378807 0 -8.802347315e-21)
(1.370441711 0 4.370704046e-21)
(1.370489644 4.340135774e-21 4.340135774e-21)
(1.370522907 -1.495148977e-32 1.495148977e-32)
(1.370541795 -4.278721845e-21 -4.278721845e-21)
(1.370546592 4.247885195e-21 -4.247885195e-21)
(1.370537578 4.681774854e-37 8.433935796e-21)
(1.370515022 -4.185974169e-21 -4.185974169e-21)
(1.370479191 0 -2.882862141e-32)
(1.37043034 0 4.123773713e-21)
(1.370368723 0 -1.419897135e-32)
(1.370294586 0 -4.061315301e-21)
(1.370208169 0 -4.029998716e-21)
(1.370109707 0 7.997257301e-21)
(1.369999432 0 -3.96720855e-21)
(1.369877571 0 2.730969448e-32)
(1.369744344 3.904231503e-21 3.904231503e-21)
(1.36959997 4.299539529e-37 -4.299539529e-37)
(1.369444663 -3.841093046e-21 -3.841093046e-21)
(1.369278634 3.809470832e-21 -3.809470832e-21)
(1.369102088 2.621387235e-32 7.555634288e-21)
(1.36891523 -3.746134545e-21 -3.746134545e-21)
(1.368718259 0 -5.15496619e-32)
(1.368511375 3.68269341e-21 3.68269341e-21)
(1.368294773 1.621343011e-36 -1.621343011e-36)
(1.368068645 -3.61916757e-21 -3.61916757e-21)
(1.367833183 0 -3.587378711e-21)
(1.367588572 0 7.111150999e-21)
(1.367335 0 -3.523760028e-21)
(1.36707265 0 -2.423171236e-32)
(1.366801704 3.460100237e-21 3.460100237e-21)
(1.366522342 -1.189378447e-32 -6.856519353e-21)
(1.366234742 -3.396414374e-21 3.396414374e-21)
(1.365939081 3.364566004e-21 3.364566004e-21)
(1.365635534 3.700058221e-37 -3.700058221e-37)
(1.365324274 -3.300866376e-21 -3.300866376e-21)
(1.365005475 0 -2.268336962e-32)
(1.364679307 3.237172645e-21 3.237172645e-21)
(1.36434594 1.112072716e-32 -6.410662744e-21)
(1.364005544 -3.173495485e-21 3.173495485e-21)
(1.363658285 3.141666139e-21 3.141666139e-21)
(1.36330433 3.236832077e-32 -3.236832077e-32)
(1.362943846 -3.078031361e-21 -3.078031361e-21)
(1.362576997 0 -2.113745226e-32)
(1.362203947 3.014434958e-21 3.014434958e-21)
(1.36182486 -2.069598395e-32 -5.965306684e-21)
(1.361439898 -2.950883833e-21 2.950883833e-21)
(1.361049223 2.919127142e-21 2.919127142e-21)
(1.360652995 1.001698423e-32 -1.001698423e-32)
(1.360251376 -2.855654781e-21 -2.855654781e-21)
(1.359844525 0 -3.918941662e-32)
(1.359432602 2.792240843e-21 2.792240843e-21)
(1.359015766 9.578218979e-33 -5.521113967e-21)
(1.358594173 -2.728889068e-21 2.728889068e-21)
(1.358167983 2.69723744e-21 2.69723744e-21)
(1.357737353 7.384713483e-55 -7.384713483e-55)
(1.357302439 -2.633984192e-21 -2.633984192e-21)
(1.356863397 0 -1.805650405e-32)
(1.356420385 2.570799076e-21 2.570799076e-21)
(1.355973556 8.810296131e-33 -5.078464914e-21)
(1.355523067 -2.507683256e-21 2.507683256e-21)
(1.355069072 2.476151519e-21 2.476151519e-21)
(1.354611725 8.480996465e-33 -8.480996465e-33)
(1.354151181 -2.413140447e-21 -2.413140447e-21)
(1.353687594 2.381661024e-21 -2.381661024e-21)
(1.353221116 1.630751989e-32 4.700397799e-21)
(1.352751901 -2.318753951e-21 -2.318753951e-21)
(1.352280101 0 -3.174302522e-32)
(1.35180587 0 2.255914938e-21)
(1.351329358 0 -7.718843692e-33)
(1.350850718 0 -2.193142422e-21)
(1.350370101 2.161780499e-21 -2.161780499e-21)
(1.349887659 2.270975785e-78 4.260868857e-21)
(1.349403541 -2.099103905e-21 -2.099103905e-21)
(1.3489179 0 0)
(1.348430884 2.036488174e-21 2.036488174e-21)
(1.347942644 7.324180946e-55 -7.324180946e-55)
(1.347453329 -1.973930461e-21 -1.973930461e-21)
(1.346963089 1.942672394e-21 -1.942672394e-21)
(1.346472072 -6.631384584e-33 3.822855277e-21)
(1.345980428 -1.880195768e-21 -1.880195768e-21)
(1.345488303 0 1.282861898e-32)
(1.344995847 1.817768899e-21 1.817768899e-21)
(1.344503207 7.308619602e-55 -7.308619602e-55)
(1.34401053 -1.755388117e-21 -1.755388117e-21)
(1.343517962 1.724213817e-21 -1.724213817e-21)
(1.343025651 1.174789149e-32 3.386099183e-21)
(1.342533742 -1.661894942e-21 -1.661894942e-21)
(1.342042381 0 1.131559684e-32)
(1.341551714 1.599612353e-21 1.599612353e-21)
(1.341061886 2.149363361e-78 -3.136966778e-21)
(1.34057304 -1.537361959e-21 1.537361959e-21)
(1.340085322 1.506247542e-21 1.506247542e-21)
(1.339598874 5.117591111e-33 -5.117591111e-33)
(1.33911384 -1.44403767e-21 -1.44403767e-21)
(1.338630364 0 -9.804562622e-33)
(1.338148587 0 1.381849606e-21)
(1.337668651 0 -2.701524909e-21)
(1.337190698 0 1.319679199e-21)
(1.336714869 1.28859933e-21 1.28859933e-21)
(1.336241304 1.308872114e-32 -1.308872114e-32)
(1.335770143 -1.22644772e-21 -1.22644772e-21)
(1.335301526 0 -8.29511099e-33)
(1.334835592 1.164303615e-21 1.164303615e-21)
(1.334372479 3.774424608e-37 -2.266466301e-21)
(1.333912326 -1.102163104e-21 1.102163104e-21)
(1.333455269 0 1.071093006e-21)
(1.333001445 0 3.608302522e-33)
(1.332550991 0 -1.008950814e-21)
(1.332104042 0 -1.357121521e-32)
(1.331660734 9.468029916e-22 9.468029916e-22)
(1.3312212 3.177062414e-33 -1.831451789e-21)
(1.330785575 -8.846461204e-22 8.846461204e-22)
(1.330353992 8.535632697e-22 8.535632697e-22)
(1.329926584 2.85354017e-33 -2.85354017e-33)
(1.329503482 -7.913868065e-22 -7.913868065e-22)
(1.329084818 7.602924571e-22 -7.602924571e-22)
(1.328670723 2.530060288e-33 1.45838712e-21)
(1.328261326 -6.980897823e-22 -6.980897823e-22)
(1.327856757 0 4.627960934e-33)
(1.327457144 6.358663201e-22 6.358663201e-22)
(1.327062616 4.196134333e-33 -4.196134333e-33)
(1.326673299 -5.736196897e-22 -5.736196897e-22)
(1.32628932 0 -5.424870097e-22)
(1.325910805 0 1.022695514e-21)
(1.325537879 0 -4.802017058e-22)
(1.325170665 0 6.231801817e-33)
(1.324809288 4.178883828e-22 4.178883828e-22)
(1.32445387 4.293462727e-38 -4.293462727e-38)
(1.324104533 -3.555455663e-22 -3.555455663e-22)
(1.323761398 3.243627121e-22 -3.243627121e-22)
(1.323424586 2.197561946e-78 5.863441142e-22)
(1.323094216 -2.619734973e-22 -2.619734973e-22)
(1.322770406 0 -1.601164869e-33)
(1.322453274 1.995523322e-22 1.995523322e-22)
(1.322142938 1.167983921e-33 -1.167983921e-33)
(1.321839514 -1.370987453e-22 -1.370987453e-22)
(1.321543116 1.058597293e-22 -1.058597293e-22)
(1.32125386 -1.656731813e-38 1.492251355e-22)
(1.320971859 -4.335728713e-23 -4.335728713e-23)
(1.320697225 0 -1.074157063e-38)
(1.32043007 -1.917742857e-23 -1.917742857e-23)
(1.320170505 -1.750456892e-34 1.750456892e-34)
(1.31991864 8.17438177e-23 8.174381771e-23)
(1.319674585 0 1.130386156e-22)
(1.319438446 0 -2.886819289e-22)
(1.319210331 0 1.756506996e-22)
(1.318990347 0 1.436080521e-33)
(1.318778598 -2.382915738e-22 -2.382915738e-22)
(1.318575189 -9.35440215e-34 5.392445701e-22)
(1.318380223 3.009595272e-22 -3.009595272e-22)
(1.318193803 -3.323030359e-22 -3.323030359e-22)
(1.318016029 -2.523265556e-33 2.523265556e-33)
(1.317847002 3.950076959e-22 3.950076959e-22)
(1.317686822 0 1.893455249e-37)
(1.317535586 0 -4.577337477e-22)
(1.317393391 0 9.782078411e-22)
(1.317260335 0 -5.204783516e-22)
(1.317136512 -5.518566348e-22 -5.518566348e-22)
(1.317022016 -2.590098557e-37 2.590098557e-37)
(1.316916941 6.146230365e-22 6.146230365e-22)
(1.316821378 0 4.482453095e-33)
(1.316735418 -6.77399478e-22 -6.77399478e-22)
(1.316659152 -2.459267506e-33 1.417580471e-21)
(1.316592668 7.401819903e-22 -7.401819903e-22)
(1.316536053 -7.715741948e-22 -7.715741948e-22)
(1.316489395 2.785759775e-33 -2.785759775e-33)
(1.316452778 8.343576682e-22 8.343576682e-22)
(1.316426288 0 -6.006755047e-33)
(1.316410007 -8.971358871e-22 -8.971358871e-22)
(1.316404018 -2.061731782e-37 1.857042897e-21)
(1.316408401 9.599037629e-22 -9.599037629e-22)
(1.316423237 -9.912821458e-22 -9.912821458e-22)
(1.316448604 -3.547936828e-33 3.547936828e-33)
(1.316484579 1.054024274e-21 1.054024274e-21)
(1.31653124 -1.08538655e-21 1.08538655e-21)
(1.316588661 5.550013726e-79 -2.233483913e-21)
(1.316656916 1.148089708e-21 1.148089708e-21)
(1.316736079 0 -8.183932712e-33)
(1.316826221 -1.210759017e-21 -1.210759017e-21)
(1.316927412 4.308913192e-33 -4.308913192e-33)
(1.317039722 1.27338782e-21 1.27338782e-21)
(1.317163219 -1.304684867e-21 1.304684867e-21)
(1.317297969 -4.634777453e-33 -2.671938302e-21)
(1.317444039 1.367239753e-21 1.367239753e-21)
(1.317601493 0 9.704013537e-33)
(1.317770394 -1.429736142e-21 -1.429736142e-21)
(1.317950805 -5.068561005e-33 5.068561005e-33)
(1.318142785 1.492166301e-21 1.492166301e-21)
(1.318346394 -1.523354045e-21 1.523354045e-21)
(1.318561692 -1.725866331e-37 -3.109044386e-21)
(1.318788733 1.585669694e-21 1.585669694e-21)
(1.319027576 0 -1.121841328e-32)
(1.319278273 0 -1.647898453e-21)
(1.319540878 0 -5.825123418e-33)
(1.319815443 0 1.710031531e-21)
(1.320102019 -1.741059358e-21 1.741059358e-21)
(1.320400655 -1.844380927e-32 -3.544119663e-21)
(1.320711398 1.803031767e-21 1.803031767e-21)
(1.321034297 0 0)
(1.321369396 -1.8648852e-21 -1.8648852e-21)
(1.321716739 6.57725345e-33 3.791528472e-21)
(1.322076369 1.926609813e-21 -1.926609813e-21)
(1.322448328 -1.957420656e-21 -1.957420656e-21)
(1.322832656 4.41468077e-37 -4.41468077e-37)
(1.323229391 2.018932933e-21 2.018932933e-21)
(1.323638572 0 1.422263217e-32)
(1.324060235 -2.080290481e-21 -2.080290481e-21)
(1.324494413 2.230171207e-78 4.221815678e-21)
(1.324941141 2.141482409e-21 -2.141482409e-21)
(1.325400452 -2.172012783e-21 -2.172012783e-21)
(1.325872375 -2.445263473e-37 2.445263473e-37)
(1.32635694 2.232935215e-21 2.232935215e-21)
(1.326854175 0 1.570496764e-32)
(1.327364107 -2.2936635e-21 -2.2936635e-21)
(1.327886761 -8.062825119e-33 4.647902234e-21)
(1.328422161 2.354185698e-21 -2.354185698e-21)
(1.328970331 0 -2.384365701e-21)
(1.32953129 0 0)
(1.330105058 0 2.444555724e-21)
(1.330691655 0 0)
(1.331291097 0 -2.504508493e-21)
(1.331903399 0 5.068783711e-21)
(1.332528576 0 -2.564211005e-21)
(1.333166641 -2.593964268e-21 -2.593964268e-21)
(1.333817605 -1.820522867e-32 1.820522867e-32)
(1.334481478 2.653266348e-21 2.653266348e-21)
(1.335158269 0 2.382815475e-36)
(1.335847985 -2.712284323e-21 -2.712284323e-21)
(1.33655063 9.511817196e-33 5.483364764e-21)
(1.337266211 2.77100411e-21 -2.77100411e-21)
(1.337994729 -2.800247696e-21 -2.800247696e-21)
(1.338736187 -2.94488491e-32 2.94488491e-32)
(1.339490583 2.85849311e-21 2.85849311e-21)
(1.340257917 0 2.88749122e-21)
(1.341038186 0 -5.832807506e-21)
(1.341831386 0 2.945228801e-21)
(1.34263751 0 4.12720473e-32)
(1.343456552 -3.002608717e-21 -3.002608716e-21)
(1.344288503 6.73052663e-37 -6.73052663e-37)
(1.345133354 3.059615304e-21 3.059615304e-21)
(1.345991094 -3.087973506e-21 3.087973506e-21)
(1.346861708 -1.081194906e-32 -6.232464848e-21)
(1.347745182 3.144389934e-21 3.144389934e-21)
(1.3486415 0 0)
(1.349550646 -3.200392358e-21 -3.200392358e-21)
(1.3504726 -3.584058717e-37 3.584058717e-37)
(1.351407341 3.255964016e-21 3.255964016e-21)
(1.352354849 -3.283582959e-21 3.283582959e-21)
(1.3533151 -3.446219478e-32 -6.622175516e-21)
(1.354288069 3.338476214e-21 3.338476214e-21)
(1.355273731 0 4.671060503e-32)
(1.356272058 0 -3.392895212e-21)
(1.357283022 0 -2.373047078e-32)
(1.358306591 0 3.446821972e-21)
(1.359342734 0 3.47359505e-21)
(1.360391418 0 -7.000476342e-21)
(1.361452607 0 3.526748991e-21)
(1.362526267 0 2.465396948e-32)
(1.363612359 -3.579364256e-21 -3.579364256e-21)
(1.364710844 1.250896576e-32 7.210927811e-21)
(1.365821682 3.631421671e-21 -3.631421671e-21)
(1.36694483 -3.657235102e-21 -3.657235102e-21)
(1.368080246 -1.277722329e-32 1.277722329e-32)
(1.369227884 3.708419058e-21 3.708419058e-21)
(1.370387699 0 -2.590999318e-32)
(1.371559643 0 -3.758995753e-21)
(1.372743666 0 7.568100057e-21)
(1.373939718 0 -3.808944828e-21)
(1.375147747 -3.833677552e-21 -3.833677552e-21)
(1.376367701 1.338469332e-32 -1.338469332e-32)
(1.377599523 3.882646279e-21 3.882646279e-21)
(1.378843158 0 2.710853737e-32)
(1.380098549 -3.930935006e-21 -3.930935006e-21)
(1.381365636 3.634606849e-78 7.909635305e-21)
(1.38264436 3.978522196e-21 -3.978522196e-21)
(1.383934658 -4.002045893e-21 -4.002045893e-21)
(1.385236467 -1.396631002e-32 1.396631002e-32)
(1.386549723 4.048539667e-21 4.048539667e-21)
(1.38787436 0 2.825354347e-32)
(1.389210311 -4.094276615e-21 -4.094276615e-21)
(1.390557507 2.856504335e-32 8.233708407e-21)
(1.391915879 4.139234056e-21 -4.139234055e-21)
(1.393285355 0 -4.161413286e-21)
(1.394665863 0 2.902809236e-32)
(1.396057328 0 4.205158245e-21)
(1.397459676 -4.226718108e-21 4.226718108e-21)
(1.398872831 -9.43260052e-37 -8.496131237e-21)
(1.400296713 4.269197797e-21 4.269197797e-21)
(1.401731245 0 -2.976862953e-32)
(1.403176347 -4.310804144e-21 -4.310804144e-21)
(1.404631935 -4.808678194e-37 4.808678194e-37)
(1.406097928 4.351512952e-21 4.351512952e-21)
(1.407574242 -4.371523138e-21 4.371523138e-21)
(1.409060791 -1.523538149e-32 -8.782599477e-21)
(1.410557488 4.41083965e-21 4.41083965e-21)
(1.412064247 0 6.147857209e-32)
(1.413580977 -4.449196917e-21 -4.449196917e-21)
(1.41510759 -4.650554221e-32 4.650554221e-32)
(1.416643992 4.486569808e-21 4.486569808e-21)
(1.418190094 -4.50487919e-21 4.50487919e-21)
(1.419745799 0 -9.045865888e-21)
(1.421311015 4.540727861e-21 4.540727861e-21)
(1.422885644 0 -3.162625112e-32)
(1.424469591 0 -4.57552829e-21)
(1.426062757 0 0)
(1.427665042 0 4.609254557e-21)
(1.429276348 -4.625706726e-21 4.625706726e-21)
(1.430896573 -1.610372762e-32 -9.283761098e-21)
(1.432525614 4.657772735e-21 4.657772735e-21)
(1.434163369 0 0)
(1.435809733 -4.68869898e-21 -4.68869898e-21)
(1.437464601 9.133191192e-79 9.407452824e-21)
(1.439127867 4.718458949e-21 -4.718458949e-21)
(1.440799424 -4.732893257e-21 -4.732893257e-21)
(1.442479165 -1.646955488e-32 1.646955488e-32)
(1.44416698 4.76085382e-21 4.76085382e-21)
(1.44586276 0 0)
(1.447566394 0 -4.787581301e-21)
(1.449277772 0 9.600948482e-21)
(1.45099678 0 -4.813048828e-21)
(1.452723306 -4.825301696e-21 -4.825301696e-21)
(1.454457237 -5.37040354e-37 5.37040354e-37)
(1.456198457 4.848828798e-21 4.848828798e-21)
(1.457946853 0 3.372369252e-32)
(1.459702307 -4.871028585e-21 -4.871028585e-21)
(1.461464704 -1.693761359e-32 9.763244626e-21)
(1.463233927 4.891874108e-21 -4.891874108e-21)
(1.465009857 -4.901780609e-21 -4.901780609e-21)
(1.466792376 -1.70401735e-32 1.70401735e-32)
(1.468581366 4.920544291e-21 4.920544291e-21)
(1.470376707 0 3.420673642e-32)
(1.47217828 0 -4.937886554e-21)
(1.473985962 0 9.892032606e-21)
(1.475799635 0 -4.953780695e-21)
(1.477619176 -4.961176414e-21 -4.961176414e-21)
(1.479444464 -1.723690688e-32 1.723690688e-32)
(1.481275377 4.974848622e-21 4.974848622e-21)
(1.483111792 0 0)
(1.484953586 -4.987006631e-21 -4.987006631e-21)
(1.486800636 4.425857305e-80 9.985019304e-21)
(1.48865282 4.997624362e-21 -4.997624362e-21)
(1.490510013 -5.002347541e-21 -5.002347541e-21)
(1.492372091 -3.474190519e-32 3.474190519e-32)
(1.494238932 5.010606517e-21 5.010606517e-21)
(1.49611041 0 5.014135967e-21)
(1.497986402 0 -1.003452239e-20)
(1.499866783 0 5.019979082e-21)
(1.501751429 0 3.485022856e-32)
(1.503640216 -5.024180472e-21 -5.024180472e-21)
(1.505533019 -1.743625334e-32 1.743625334e-32)
(1.507429714 5.026715672e-21 5.026715672e-21)
(1.509330178 -5.027350925e-21 5.027350925e-21)
(1.511234286 -1.744285499e-32 -1.005512131e-20)
(1.513141914 5.027341934e-21 5.027341934e-21)
(1.515052939 0 3.487856539e-32)
(1.516967238 -5.025607582e-21 -5.025607582e-21)
(1.518884686 -1.743191633e-32 1.743191633e-32)
(1.520805162 5.0221251e-21 5.0221251e-21)
(1.522728542 0 1.00394427e-20)
(1.524654705 0 -1.003374459e-20)
(1.526583529 0 0)
(1.528514892 0 3.476266212e-32)
(1.530448674 0 -5.005626712e-21)
(1.532384755 0 1.735060037e-32)
(1.534323014 0 4.995855163e-21)
(1.536263332 -4.990279532e-21 4.990279532e-21)
(1.538205591 -1.729255895e-32 -9.968481539e-21)
(1.540149673 4.977736516e-21 4.977736516e-21)
(1.54209546 0 -3.449160724e-32)
(1.544042837 -4.96332236e-21 -4.96332236e-21)
(1.545991687 1.719362551e-32 9.910816004e-21)
(1.547941895 4.947019248e-21 -4.947019248e-21)
(1.549893348 0 0)
(1.551845931 0 3.41983026e-32)
(1.553799533 0 3.412795317e-32)
(1.555754043 0 0)
(1.557709349 -4.897888543e-21 -4.897888543e-21)
(1.559665343 -1.695275496e-32 9.773223364e-21)
(1.561621915 4.874847103e-21 -4.874847103e-21)
(1.56357896 -4.862593164e-21 -4.862593164e-21)
(1.56553637 -1.68252145e-32 1.68252145e-32)
(1.567494041 4.836610991e-21 4.836610991e-21)
(1.569451869 0 3.346330968e-32)
(1.571409751 -4.808653468e-21 -4.808653468e-21)
(1.573367586 -1.064466431e-36 9.587861246e-21)
(1.575325273 4.778710105e-21 -4.778710105e-21)
(1.577282715 0 1.057596411e-36)
(1.579239813 0 -3.293418311e-32)
(1.581196473 0 0)
(1.583152598 0 9.810339569e-32)
(1.585108096 -4.695106438e-21 -4.695106438e-21)
(1.587062876 -1.622618534e-32 9.353759006e-21)
(1.589016846 4.658148925e-21 -4.658148925e-21)
(1.590969919 -4.638914215e-21 -4.638914215e-21)
(1.592922008 1.025662885e-36 -1.025662885e-36)
(1.594873026 4.598930948e-21 4.598930948e-21)
(1.59682289 -4.578181913e-21 4.578181913e-21)
(1.598771518 -1.581001927e-32 -9.113855605e-21)
(1.600718828 4.535168646e-21 4.535168646e-21)
(1.602664743 0 3.131656999e-32)
(1.604609185 0 -9.346972645e-32)
(1.606552077 0 6.199414054e-32)
(1.608493346 0 -9.249227929e-32)
(1.610432922 -4.418805879e-21 4.418805879e-21)
(1.612370734 -4.573546828e-32 -8.788046672e-21)
(1.614306715 4.368739149e-21 4.368739149e-21)
(1.616240798 0 3.013722849e-32)
(1.618172922 -4.316669965e-21 -4.316669965e-21)
(1.620103014 9.525464229e-37 -9.525464229e-37)
(1.622031047 4.262607692e-21 4.262607692e-21)
(1.623956881 -4.234834413e-21 4.234834413e-21)
(1.625880655 1.459538168e-32 -8.413126264e-21)
(1.627801864 4.177810168e-21 4.177810168e-21)
(1.629721493 0 8.635709066e-32)
(1.631637144 0 -3.658263459e-36)
(1.633553794 0 8.51104727e-32)
(1.635461454 0 5.631310257e-32)
(1.637377931 -4.026687434e-21 4.026687434e-21)
(1.639274887 -4.435247264e-37 -7.98983117e-21)
(1.641183788 3.964037552e-21 3.964037552e-21)
(1.643121513 0 0)
(1.644850763 -3.904715927e-21 -3.904715927e-21)
(1.647183355 -1.338946647e-32 1.338946647e-32)
(1.6482827 3.821188702e-21 3.821188702e-21)
(1.6513011 -3.798990185e-21 3.798990185e-21)
(1.651661752 -4.190912894e-37 -7.549677498e-21)
(1.654823093 3.747587858e-21 3.747587858e-21)
(1.656771523 0 -4.380405258e-32)
(1.65335762 0 -8.317595471e-21)
(1.591830636 -1.663129518e-21 4.235144159e-21)
(1.703154451 -1.411697239e-21 -1.813182224e-23)
(1.71748659 0 9.909089863e-22)
(1.730614076 1.291022208e-21 -6.455111042e-22)
(1.740690398 8.400127827e-24 3.186027705e-22)
(1.746270505 -8.577885103e-25 3.382151901e-23)
(1.748013325 -5.91529562e-24 4.575938735e-22)
(1.746063603 4.699140021e-22 5.959030596e-24)
(1.740751596 -8.577912949e-24 -6.678478062e-22)
(1.732440847 8.424752976e-22 8.316544807e-22)
(1.721463061 0 9.886016571e-22)
(1.708158612 0 0)
(1.692872742 -1.184135958e-21 0)
(1.675947011 -1.627286103e-23 0)
(1.657716062 -1.277336564e-21 -2.588350132e-21)
(1.638505181 -1.350523523e-21 -1.350523523e-21)
(1.61862737 1.335899331e-21 1.335899331e-21)
(1.598380583 1.303432575e-21 0)
(1.578045333 1.655347419e-23 0)
(1.557882593 -1.596623469e-23 1.227117811e-21)
(1.538132024 1.522265225e-23 -1.15475592e-21)
(1.519010496 -1.434808467e-23 -2.869616934e-23)
(1.500710943 1.336631945e-23 1.054038343e-21)
(1.483401572 -9.577720062e-22 -9.577720062e-22)
(1.467225371 0 0)
(1.452299969 0 0)
(1.438717796 0 0)
(1.42654655 0 -5.875943874e-22)
(1.415829947 0 -6.478185359e-24)
(1.406588736 0 4.159749356e-22)
(1.398821952 0 -3.268275863e-22)
(1.39250839 0 -3.218497654e-24)
(1.387608255 0 1.752361004e-22)
(1.384064981 1.042863404e-22 1.042863404e-22)
(1.381807165 4.227109853e-23 4.227109853e-23)
(1.380750599 2.87260027e-23 1.436300135e-23)
(1.380800365 6.544837499e-23 1.284068521e-22)
(1.381852955 -1.078545298e-22 1.078545298e-22)
(1.383798396 0 0)
(1.38652233 -1.718262313e-22 -1.718262313e-22)
(1.389908049 -2.535342389e-24 -1.973947425e-22)
(1.393838428 2.756276197e-24 0)
(1.398197754 2.202362859e-22 0)
(1.402873413 5.963921376e-24 -2.291850297e-22)
(1.407757432 -2.364450437e-22 -2.998386027e-24)
(1.412747844 2.959169498e-24 2.959169498e-24)
(1.417749873 2.177980029e-22 2.177980029e-22)
(1.422676927 5.482674648e-24 5.482674648e-24)
(1.427451394 -4.012324442e-22 -4.012324442e-22)
(1.432005238 1.832447601e-22 1.832447601e-22)
(1.436280394 1.689921565e-22 2.170529891e-24)
(1.440228971 -1.492607097e-22 -1.512027587e-22)
(1.443813266 -1.704756829e-24 1.31022434e-22)
(1.447005603 2.265270309e-22 2.265270309e-22)
(1.449788003 1.225293663e-24 9.539767617e-23)
(1.452151712 -9.925738874e-25 -7.628666515e-23)
(1.454096593 7.698711636e-25 -5.994003667e-23)
(1.455630402 -4.363254887e-23 0)
(1.456767981 -2.819487042e-23 -2.819487042e-23)
(1.457530365 -1.488566411e-23 -1.488566411e-23)
(1.457943849 2.682276497e-24 2.682276497e-24)
(1.458039017 -1.011337292e-25 -7.874042747e-24)
(1.457849765 2.165295216e-25 1.664194277e-23)
(1.457412332 -2.424335096e-23 3.113828006e-25)
(1.456764359 0 -3.006880738e-23)
(1.455943992 6.792359281e-23 6.792359281e-23)
(1.454989048 9.592149436e-25 9.592149436e-25)
(1.45393625 -7.798822692e-23 -7.798822692e-23)
(1.452820551 3.898370741e-23 3.898370741e-23)
(1.451674544 3.897074538e-23 3.897074538e-23)
(1.450527979 -3.709674002e-23 -3.709674002e-23)
(1.449407373 -3.546544855e-23 -1.054853068e-22)
(1.448335732 3.235543299e-23 3.151347134e-23)
(1.447332365 2.965558757e-23 8.89667627e-23)
(1.446412811 -5.18042226e-23 -5.18042226e-23)
(1.445588843 -2.294459201e-23 -2.294459201e-23)
(1.444868573 1.901416473e-23 3.778411264e-23)
(1.444256622 0 1.980915125e-25)
(1.443754367 1.181387507e-23 -1.196758723e-23)
(1.443360239 8.721903231e-24 1.721975902e-23)
(1.443070066 0 5.818156878e-24)
(1.442877452 0 -3.079056442e-24)
(1.442774174 -1.49257227e-24 -7.462861352e-25)
(1.442750585 1.223401373e-24 1.551408581e-26)
(1.442796025 -2.807699007e-24 -3.606206015e-26)
(1.442899208 3.997249274e-24 8.046507479e-24)
(1.443048599 6.354741974e-26 -4.820548842e-24)
(1.443232748 -5.525656044e-24 -1.105131209e-23)
(1.443440601 0 5.737578195e-24)
(1.443661765 0 5.840863249e-24)
(1.443886722 0 0)
(1.444107007 0 -5.20430513e-24)
(1.44431533 0 -6.102264903e-26)
(1.444505654 4.069756681e-24 8.19246528e-24)
(1.444673229 -3.334613138e-24 -3.334613138e-24)
(1.444814583 -2.717814789e-24 -2.717814789e-24)
(1.444927477 1.934571825e-24 1.934571825e-24)
(1.445010823 -1.186286428e-24 0)
(1.445064584 -6.500846753e-27 0)
(1.445089641 -1.351351821e-25 0)
(1.445087657 -7.002501765e-25 -7.002501765e-25)
(1.445060918 1.176888879e-24 1.176888879e-24)
(1.445012188 1.646926687e-24 1.646926687e-24)
(1.44494455 -1.962457613e-24 -1.962457613e-24)
(1.444861258 2.190443785e-24 2.190443785e-24)
(1.44476561 3.082383503e-26 3.082383503e-26)
(1.44466082 -3.225865073e-26 -2.511573359e-24)
(1.444549915 3.290717762e-26 -2.529164143e-24)
(1.444435655 -2.560331859e-24 2.494561744e-24)
(1.44432046 2.483597385e-24 5.031823508e-24)
(1.444206369 3.132010427e-26 0)
(1.444095011 -3.002361031e-26 0)
(1.443987599 2.853899053e-26 -2.193422261e-24)
(1.443884937 -2.099776892e-24 -2.099776892e-24)
(1.443787441 0 0)
(1.443695175 0 0)
(1.443607894 0 1.73591929e-24)
(1.443525095 0 2.143513754e-26)
(1.443446069 0 -1.596180166e-24)
(1.443369957 1.521830289e-24 0)
(1.443295806 1.933632317e-26 0)
(1.443222621 -1.487081987e-24 0)
(1.443149407 1.466070104e-24 1.466070104e-24)
(1.443075216 -1.459315299e-24 -1.459315299e-24)
(1.44299918 -1.542312616e-24 -1.542312616e-24)
(1.442920536 3.095051705e-24 1.557528309e-24)
(1.442838645 2.054399812e-26 0)
(1.442753011 -1.646053158e-24 1.624911245e-24)
(1.442663277 -1.672943618e-24 -1.651176761e-24)
(1.442569233 1.698396466e-24 -1.765564613e-24)
(1.442470804 1.812394699e-24 1.789411561e-24)
(1.442368044 -1.831682855e-24 1.808156643e-24)
(1.44226112 0 2.399999896e-26)
(1.442150296 1.874598542e-24 -1.898989225e-24)
(1.44203592 2.468820884e-26 0)
(1.441918398 -1.937602583e-24 0)
(1.441798188 1.920123598e-24 1.920123598e-24)
(1.441675774 1.944687562e-24 1.944687562e-24)
(1.441551658 1.911679642e-24 0)
(1.441426342 -1.871712554e-24 -1.896386691e-24)
(1.441300324 -3.797362731e-24 -1.898681366e-24)
(1.441174084 0 0)
(1.441048081 -1.811911844e-24 0)
(1.440922746 -1.795864698e-24 -1.772798519e-24)
(1.440798482 1.729192051e-24 -2.249865748e-26)
(1.440675665 1.703537465e-24 1.703537465e-24)
(1.440554639 0 0)
(1.440435722 0 0)
(1.440319206 1.520539189e-24 -1.520539189e-24)
(1.44020536 1.90236979e-26 1.443088896e-24)
(1.440094434 -1.824070513e-26 2.840343095e-24)
(1.439986658 -2.663141852e-24 -2.680580588e-24)
(1.439882247 -1.327312663e-24 -2.58814099e-24)
(1.439781405 2.458850718e-24 1.213634657e-24)
(1.439684322 0 1.16399686e-24)
(1.43959118 0 0)
(1.439502148 0 0)
(1.439417391 0 0)
(1.439337062 0 0)
(1.439261304 0 0)
(1.439190252 0 0)
(1.439124029 0 0)
(1.439062747 -6.244127505e-25 -6.244127505e-25)
(1.439006503 -7.289203857e-27 -7.289203857e-27)
(1.438955379 6.465600518e-27 5.033928996e-25)
(1.43890944 4.290385313e-25 4.346944047e-25)
(1.438868734 3.834549735e-25 4.862631799e-27)
(1.438833285 -3.183257559e-25 -3.183257559e-25)
(1.438803098 0 0)
(1.438778152 -2.005026593e-25 -2.005026593e-25)
(1.438758402 -1.48587665e-25 -1.48587665e-25)
(1.438743776 1.903179537e-25 1.903179537e-25)
(1.438734174 4.733924982e-26 4.733924982e-26)
(1.438729468 1.993572019e-28 1.993572019e-28)
(1.438729504 0 0)
(1.438734099 0 0)
(1.438743041 0 1.214964642e-25)
(1.438756096 0 2.02459763e-27)
(1.438773005 -1.864082969e-25 -3.752419747e-25)
(1.438793489 -2.166465529e-25 -2.166465529e-25)
(1.438817248 2.379648948e-25 2.379648948e-25)
(1.43884397 2.621043669e-25 5.208422672e-25)
(1.438873331 2.76244309e-25 2.798385544e-25)
(1.438904999 3.780786263e-27 -2.905797983e-25)
(1.438938641 -3.058010146e-25 -3.058010146e-25)
(1.438973923 0 0)
(1.439010518 0 0)
(1.43904811 3.192508026e-25 3.192508026e-25)
(1.439086398 4.166958362e-27 4.166958362e-27)
(1.439125098 -3.234509935e-25 -3.234509935e-25)
(1.439163952 0 0)
(1.439202726 3.12565723e-25 0)
(1.439241218 -3.033897279e-25 -3.073892111e-25)
(1.43927926 -3.092539994e-25 -3.92169563e-27)
(1.43931672 2.987748444e-25 3.837468281e-27)
(1.439353504 0 -3.750780578e-27)
(1.43938956 2.817254513e-25 5.671164686e-25)
(1.439424879 -2.719940261e-25 -2.719940261e-25)
(1.439459494 -2.771469845e-25 -2.771469845e-25)
(1.439493484 2.690605625e-25 2.690605625e-25)
(1.439526972 -2.622856784e-25 -2.622856784e-25)
(1.439560122 -3.387880688e-27 -3.387880688e-27)
(1.439593146 2.634819972e-25 2.634819972e-25)
(1.439626291 0 0)
(1.439659845 2.650184249e-25 2.650184249e-25)
(1.439694133 3.519091229e-27 3.519091229e-27)
(1.439729507 -2.816304772e-25 -2.816304772e-25)
(1.439766348 0 0)
(1.439805058 -2.994736359e-25 0)
(1.439846054 3.09254168e-25 3.133309619e-25)
(1.439889761 3.377334127e-25 4.282846109e-27)
(1.439936608 -3.51368327e-25 -3.51368327e-25)
(1.439987018 -7.32454023e-25 0)
(1.440041399 -1.007268748e-26 0)
(1.440100141 8.290007035e-25 0)
(1.440163605 -4.32250945e-25 -4.32250945e-25)
(1.440232114 4.500768728e-25 4.500768728e-25)
(1.440305952 4.92633816e-25 1.249432159e-26)
(1.440385349 -5.108699167e-25 -1.021739833e-24)
(1.440470481 0 5.281743401e-25)
(1.440561462 -5.513899205e-25 7.174211933e-27)
(1.440658339 -7.463259392e-27 -5.810704492e-25)
(1.440761091 7.734896042e-27 0)
(1.440869621 -7.984790105e-27 0)
(1.440983761 6.391140928e-25 6.309052779e-25)
(1.441103266 -6.458394737e-25 8.403088589e-27)
(1.441227816 -6.667846865e-25 -8.564169146e-27)
(1.441357019 6.678062036e-25 6.764951277e-25)
(1.441490412 6.831600783e-25 0)
(1.441627467 0 0)
(1.441767591 0 0)
(1.441910135 -6.744878666e-25 -6.744878666e-25)
(1.442054399 -8.686553351e-27 -8.686553351e-27)
(1.442199639 6.65779384e-25 6.65779384e-25)
(1.44234507 0 0)
(1.44248988 -6.258900219e-25 0)
(1.44263323 -6.129346318e-25 -6.050620992e-25)
(1.442774267 0 -5.884842007e-25)
(1.442912128 1.10723468e-24 1.10723468e-24)
(1.443045949 1.361750074e-26 1.361750074e-26)
(1.443174869 -1.275531052e-26 -1.275531052e-26)
(1.443298046 9.206952136e-25 9.206952136e-25)
(1.443414643 -8.326770435e-25 -4.163385218e-25)
(1.443523869 -3.859311731e-25 -3.810371222e-25)
(1.443624924 6.726215689e-25 3.341370313e-25)
(1.443717063 3.781562081e-27 -2.868590714e-25)
(1.443799712 -2.49211086e-25 -2.524119505e-25)
(1.443871516 0 2.032655015e-25)
(1.44393266 -1.576512634e-25 0)
(1.443991477 -8.675238634e-26 0)
)
;

boundaryField
{
    inlet
    {
        type            fixedValue;
        value           uniform (0.2 0 0);
    }
    outlet
    {
        type            pressureInletOutletVelocity;
        value           uniform (1.443991477 -8.675238634e-26 0);
    }
    wall
    {
        type            empty;
    }
}


// ************************************************************************* //
